3 0.690885 0.567593 0.0640625 0.1 0.664003
3 0.509635 0.732407 0.0588542 0.0944444 0.664502
3 0.690885 0.730093 0.0526042 0.0935185 0.677139
3 0.601042 0.730556 0.0614583 0.101852 0.680512
3 0.329427 0.731019 0.0661458 0.110185 0.712546
3 0.41849 0.731944 0.0651042 0.112037 0.728803
3 0.598958 0.894444 0.0708333 0.114815 0.743296
3 0.328646 0.891204 0.0645833 0.106481 0.761907
3 0.509115 0.891667 0.0703125 0.118519 0.795386
3 0.41901 0.891667 0.0671875 0.114815 0.796371
3 0.691667 0.893519 0.0697917 0.114815 0.799338
1 0.243229 0.20463 0.286458 0.0740741 0.84605
4 0.782812 0.0518519 0.2375 0.0722222 0.880975
1 0.18776 0.281944 0.163021 0.0601852 0.885773
0 0.180469 0.0856481 0.0723958 0.132407 0.930755
