1 0.557031 0.550463 0.291146 0.10463 0.621088
4 0.557031 0.552315 0.283854 0.0990741 0.745606
3 0.345052 0.547685 0.0817708 0.149074 0.854761
3 0.345833 0.724074 0.0833333 0.148148 0.863753
3 0.345573 0.196296 0.0901042 0.15 0.865795
3 0.346875 0.373611 0.0822917 0.14537 0.866123
2 0.182292 0.477778 0.157292 0.0759259 0.890217
0 0.180469 0.087963 0.0713542 0.137037 0.929615
1 0.551042 0.209259 0.190625 0.0925926 0.932451
1 0.536458 0.378704 0.157292 0.0981481 0.936806
1 0.54401 0.729167 0.192188 0.0935185 0.943558
