3 0.509635 0.73287 0.0588542 0.0953704 0.660791
3 0.691146 0.567593 0.0645833 0.101852 0.664976
3 0.690885 0.730093 0.0526042 0.0935185 0.678526
3 0.601302 0.730556 0.0609375 0.101852 0.68039
3 0.329427 0.731019 0.0661458 0.110185 0.714445
3 0.41849 0.731944 0.0651042 0.112037 0.728654
3 0.599219 0.894444 0.0703125 0.114815 0.740425
3 0.328646 0.891204 0.0645833 0.106481 0.761254
3 0.509115 0.891667 0.0703125 0.118519 0.794795
3 0.41875 0.891667 0.0677083 0.114815 0.79711
3 0.691667 0.893519 0.0697917 0.114815 0.800004
1 0.243229 0.20463 0.286458 0.0740741 0.845241
4 0.782812 0.0518519 0.2375 0.0722222 0.880837
1 0.18776 0.281944 0.163021 0.0601852 0.885176
0 0.180469 0.0856481 0.0723958 0.132407 0.930762
