1 0.557292 0.550463 0.291667 0.10463 0.604964
4 0.557031 0.552315 0.283854 0.0990741 0.758249
3 0.345052 0.547685 0.0817708 0.149074 0.856232
3 0.345573 0.724074 0.0828125 0.148148 0.864896
3 0.346875 0.373611 0.0822917 0.14537 0.866806
3 0.345313 0.196296 0.0895833 0.15 0.867415
2 0.183333 0.477315 0.169792 0.0712963 0.890249
0 0.180469 0.087963 0.0713542 0.137037 0.929003
1 0.551302 0.209722 0.190104 0.0935185 0.931741
1 0.536458 0.378704 0.157292 0.0981481 0.937226
1 0.54401 0.729167 0.192188 0.0935185 0.943368
