3 0.943182 0.917969 0.0681818 0.114583 0.305426
1 0.857038 0.0585938 0.142229 0.0598958 0.37429
2 0.858504 0.0638021 0.143695 0.0729167 0.438904
1 0.329912 0.0983073 0.0278592 0.0429688 0.515796
2 0.212977 0.545573 0.274927 0.0416667 0.687533
6 0.558651 0.840495 0.0777126 0.0325521 0.691111
2 0.210411 0.392578 0.265396 0.282552 0.709868
2 0.284091 0.222656 0.41129 0.0677083 0.754559
4 0.0909091 0.0703125 0.0982405 0.0572917 0.767275
2 0.419355 0.429036 0.13783 0.186198 0.848302
3 0.743035 0.483073 0.51393 0.679688 0.930661
3 0.190249 0.740885 0.245601 0.320312 0.972004
