3 0.941716 0.912109 0.063783 0.123698 0.333214
2 0.625733 0.47526 0.562317 0.0677083 0.393618
2 0.085044 0.972005 0.170088 0.0559896 0.474629
6 0.560484 0.837891 0.0725806 0.0351562 0.608087
2 0.630132 0.434896 0.574047 0.174479 0.678051
4 0.0909091 0.0703125 0.0982405 0.0572917 0.752132
2 0.213343 0.544922 0.277126 0.0403646 0.778776
2 0.210044 0.377604 0.26173 0.244792 0.832621
1 0.859604 0.0559896 0.145894 0.0494792 0.853251
2 0.416422 0.225911 0.697947 0.0768229 0.870384
3 0.189883 0.740234 0.246334 0.321615 0.97004
