3 0.943182 0.917318 0.0681818 0.113281 0.311841
1 0.857038 0.0585938 0.142229 0.0598958 0.413204
2 0.858504 0.063151 0.143695 0.0716146 0.430328
6 0.558651 0.840495 0.0777126 0.0325521 0.615971
4 0.0909091 0.0703125 0.0982405 0.0572917 0.766357
2 0.210044 0.380208 0.26173 0.25 0.775864
2 0.283358 0.220703 0.414223 0.0690104 0.785892
2 0.21261 0.545573 0.27566 0.0416667 0.786527
2 0.419355 0.428385 0.136364 0.184896 0.862468
3 0.742302 0.482422 0.515396 0.68099 0.930666
3 0.190249 0.740885 0.245601 0.320312 0.972173
