0 0.263021 0.645139 0.362847 0.0819444 0.86101
0 0.630642 0.695139 0.216146 0.0652778 0.891186
0 0.262587 0.334028 0.368924 0.0819444 0.891654
0 0.194444 0.438194 0.227431 0.0819444 0.891765
0 0.62934 0.51875 0.201389 0.0652778 0.898673
0 0.648438 0.786111 0.246528 0.0666667 0.905726
0 0.65191 0.608333 0.237847 0.0694444 0.91207
0 0.717014 0.421528 0.352431 0.0763889 0.914587
0 0.638455 0.319444 0.226562 0.0805556 0.915915
0 0.505208 0.152778 0.25 0.105556 0.917527
0 0.19401 0.540278 0.228299 0.0777778 0.921439
0 0.194444 0.745833 0.229167 0.0805556 0.928337
