1 0.558651 0.837891 0.0894428 0.0507812 0.759263
3 0.941349 0.916016 0.0865103 0.147135 0.813102
2 0.634897 0.768229 0.228739 0.0755208 0.839998
2 0.215543 0.541016 0.288856 0.0455729 0.84793
2 0.629765 0.415365 0.557185 0.161458 0.864915
2 0.419721 0.222005 0.682551 0.0950521 0.877435
4 0.857405 0.0533854 0.147361 0.0677083 0.898695
1 0.170088 0.283203 0.192082 0.0585938 0.909351
0 0.0949413 0.0729167 0.106305 0.0859375 0.909662
2 0.219208 0.406901 0.269795 0.141927 0.914708
3 0.193548 0.736328 0.247801 0.329427 0.980897
