1 0.558651 0.837891 0.0894428 0.0507812 0.759074
3 0.941349 0.916016 0.0865103 0.147135 0.81302
2 0.215543 0.541016 0.290323 0.0455729 0.832259
2 0.634897 0.768229 0.228739 0.0755208 0.841423
2 0.629765 0.415365 0.557185 0.161458 0.865534
2 0.419355 0.222005 0.681818 0.0976562 0.884094
4 0.857405 0.0533854 0.147361 0.0677083 0.898694
1 0.170088 0.283203 0.192082 0.0585938 0.909488
0 0.0949413 0.0729167 0.106305 0.0859375 0.909918
2 0.218842 0.406901 0.270528 0.141927 0.911049
3 0.193182 0.735677 0.247067 0.328125 0.980826
