2 0.559751 0.839193 0.0828446 0.0429688 0.642906
2 0.424853 0.408203 0.135631 0.154948 0.660959
2 0.219208 0.408854 0.28739 0.15625 0.702916
2 0.214076 0.541667 0.28739 0.0442708 0.70518
3 0.941349 0.916667 0.0821114 0.140625 0.80155
2 0.282625 0.223958 0.406891 0.0989583 0.892458
4 0.857771 0.0540365 0.162757 0.0664062 0.896298
1 0.169355 0.283203 0.190616 0.0585938 0.906659
3 0.741935 0.479818 0.497067 0.688802 0.906801
0 0.0949413 0.0729167 0.106305 0.0859375 0.910123
3 0.193915 0.735677 0.248534 0.328125 0.977998
