2 0.197852 0.975625 0.209766 0.0375 0.839949
1 0.529297 0.324375 0.488281 0.05 0.86021
2 0.312305 0.205938 0.267578 0.114375 0.869257
2 0.424414 0.7525 0.276172 0.1725 0.870738
2 0.522852 0.492188 0.472266 0.275625 0.904974
2 0.197852 0.975625 0.209766 0.0375 0.839949
1 0.529297 0.324375 0.488281 0.05 0.86021
2 0.312305 0.205938 0.267578 0.114375 0.869257
2 0.424414 0.7525 0.276172 0.1725 0.870738
2 0.522852 0.492188 0.472266 0.275625 0.904974
2 0.197852 0.975625 0.209766 0.0375 0.839949
1 0.529297 0.324375 0.488281 0.05 0.86021
2 0.312305 0.205938 0.267578 0.114375 0.869257
2 0.424414 0.7525 0.276172 0.1725 0.870738
2 0.522852 0.492188 0.472266 0.275625 0.904974
