2 0.197852 0.975625 0.209766 0.0375 0.83957
1 0.529297 0.324375 0.488281 0.05 0.861507
2 0.312305 0.205938 0.267578 0.114375 0.868362
2 0.424414 0.7525 0.276172 0.1725 0.870028
2 0.522656 0.492188 0.471875 0.275625 0.904796
2 0.197852 0.975625 0.209766 0.0375 0.83957
1 0.529297 0.324375 0.488281 0.05 0.861507
2 0.312305 0.205938 0.267578 0.114375 0.868362
2 0.424414 0.7525 0.276172 0.1725 0.870028
2 0.522656 0.492188 0.471875 0.275625 0.904796
2 0.197852 0.975625 0.209766 0.0375 0.83957
1 0.529297 0.324375 0.488281 0.05 0.861507
2 0.312305 0.205938 0.267578 0.114375 0.868362
2 0.424414 0.7525 0.276172 0.1725 0.870028
2 0.522656 0.492188 0.471875 0.275625 0.904796
