2 0.197852 0.975625 0.209766 0.0375 0.840026
1 0.529102 0.324375 0.488672 0.05 0.86066
2 0.312305 0.205938 0.267578 0.114375 0.870167
2 0.424414 0.7525 0.276172 0.1725 0.870635
2 0.522852 0.492188 0.472266 0.275625 0.904875
2 0.197852 0.975625 0.209766 0.0375 0.840026
1 0.529102 0.324375 0.488672 0.05 0.86066
2 0.312305 0.205938 0.267578 0.114375 0.870167
2 0.424414 0.7525 0.276172 0.1725 0.870635
2 0.522852 0.492188 0.472266 0.275625 0.904875
2 0.197852 0.975625 0.209766 0.0375 0.840026
1 0.529102 0.324375 0.488672 0.05 0.86066
2 0.312305 0.205938 0.267578 0.114375 0.870167
2 0.424414 0.7525 0.276172 0.1725 0.870635
2 0.522852 0.492188 0.472266 0.275625 0.904875
