2 0.197852 0.975625 0.209766 0.0375 0.840123
1 0.529102 0.324375 0.488672 0.05 0.860127
2 0.312305 0.205938 0.267578 0.114375 0.868391
2 0.424414 0.7525 0.276172 0.1725 0.870727
2 0.522656 0.492188 0.471875 0.275625 0.904407
2 0.197852 0.975625 0.209766 0.0375 0.840123
1 0.529102 0.324375 0.488672 0.05 0.860127
2 0.312305 0.205938 0.267578 0.114375 0.868391
2 0.424414 0.7525 0.276172 0.1725 0.870727
2 0.522656 0.492188 0.471875 0.275625 0.904407
2 0.197852 0.975625 0.209766 0.0375 0.840123
1 0.529102 0.324375 0.488672 0.05 0.860127
2 0.312305 0.205938 0.267578 0.114375 0.868391
2 0.424414 0.7525 0.276172 0.1725 0.870727
2 0.522656 0.492188 0.471875 0.275625 0.904407
