2 0.197852 0.975625 0.209766 0.0375 0.840487
1 0.528906 0.324375 0.488281 0.05 0.860589
2 0.312305 0.205938 0.267578 0.114375 0.869462
2 0.424414 0.7525 0.276172 0.1725 0.870579
2 0.522461 0.492188 0.471484 0.275625 0.904179
2 0.197852 0.975625 0.209766 0.0375 0.840487
1 0.528906 0.324375 0.488281 0.05 0.860589
2 0.312305 0.205938 0.267578 0.114375 0.869462
2 0.424414 0.7525 0.276172 0.1725 0.870579
2 0.522461 0.492188 0.471484 0.275625 0.904179
2 0.197852 0.975625 0.209766 0.0375 0.840487
1 0.528906 0.324375 0.488281 0.05 0.860589
2 0.312305 0.205938 0.267578 0.114375 0.869462
2 0.424414 0.7525 0.276172 0.1725 0.870579
2 0.522461 0.492188 0.471484 0.275625 0.904179
