2 0.197852 0.975625 0.209766 0.0375 0.839757
1 0.529297 0.324375 0.488281 0.05 0.860267
2 0.312305 0.205938 0.267578 0.114375 0.869783
2 0.424414 0.752813 0.276172 0.173125 0.870761
2 0.523047 0.492188 0.472656 0.275625 0.9056
2 0.197852 0.975625 0.209766 0.0375 0.839757
1 0.529297 0.324375 0.488281 0.05 0.860267
2 0.312305 0.205938 0.267578 0.114375 0.869783
2 0.424414 0.752813 0.276172 0.173125 0.870761
2 0.523047 0.492188 0.472656 0.275625 0.9056
2 0.197852 0.975625 0.209766 0.0375 0.839757
1 0.529297 0.324375 0.488281 0.05 0.860267
2 0.312305 0.205938 0.267578 0.114375 0.869783
2 0.424414 0.752813 0.276172 0.173125 0.870761
2 0.523047 0.492188 0.472656 0.275625 0.9056
