2 0.197852 0.975625 0.209766 0.0375 0.839867
1 0.529297 0.324375 0.488281 0.05 0.861375
2 0.312305 0.205938 0.267578 0.114375 0.869961
2 0.424414 0.7525 0.276172 0.1725 0.870769
2 0.523047 0.492188 0.472656 0.275625 0.905841
2 0.197852 0.975625 0.209766 0.0375 0.839867
1 0.529297 0.324375 0.488281 0.05 0.861375
2 0.312305 0.205938 0.267578 0.114375 0.869961
2 0.424414 0.7525 0.276172 0.1725 0.870769
2 0.523047 0.492188 0.472656 0.275625 0.905841
2 0.197852 0.975625 0.209766 0.0375 0.839867
1 0.529297 0.324375 0.488281 0.05 0.861375
2 0.312305 0.205938 0.267578 0.114375 0.869961
2 0.424414 0.7525 0.276172 0.1725 0.870769
2 0.523047 0.492188 0.472656 0.275625 0.905841
