2 0.197852 0.975625 0.209766 0.0375 0.839867
1 0.529297 0.324375 0.488281 0.05 0.860362
2 0.312305 0.205938 0.267578 0.114375 0.869502
2 0.424414 0.752813 0.276172 0.173125 0.870777
2 0.523047 0.492188 0.472656 0.275625 0.905648
2 0.197852 0.975625 0.209766 0.0375 0.839867
1 0.529297 0.324375 0.488281 0.05 0.860362
2 0.312305 0.205938 0.267578 0.114375 0.869502
2 0.424414 0.752813 0.276172 0.173125 0.870777
2 0.523047 0.492188 0.472656 0.275625 0.905648
2 0.197852 0.975625 0.209766 0.0375 0.839867
1 0.529297 0.324375 0.488281 0.05 0.860362
2 0.312305 0.205938 0.267578 0.114375 0.869502
2 0.424414 0.752813 0.276172 0.173125 0.870777
2 0.523047 0.492188 0.472656 0.275625 0.905648
