3 0.796354 0.748611 0.255208 0.502778 0.733087
2 0.506771 0.476852 0.670833 0.0518519 0.733095
6 0.447917 0.93287 0.378125 0.0564815 0.737444
2 0.491667 0.3375 0.74375 0.108333 0.818075
2 0.329688 0.180093 0.461458 0.0638889 0.833393
1 0.198437 0.426852 0.185417 0.0481481 0.836672
1 0.168229 0.256944 0.127083 0.0546296 0.868571
3 0.134635 0.75463 0.168229 0.487037 0.869178
4 0.78151 0.0518519 0.247396 0.0592593 0.880368
3 0.452344 0.735185 0.453646 0.446296 0.918358
0 0.181771 0.0912037 0.0739583 0.128704 0.936221
