6 0.447917 0.93287 0.378125 0.0564815 0.708456
2 0.50625 0.476852 0.669792 0.0518519 0.73518
3 0.797135 0.750463 0.258854 0.499074 0.736552
2 0.490885 0.3375 0.742188 0.108333 0.822727
2 0.329948 0.180093 0.460938 0.0638889 0.833899
1 0.198698 0.426852 0.184896 0.0481481 0.834206
1 0.167969 0.256944 0.127604 0.0546296 0.868638
4 0.78151 0.0518519 0.247396 0.0592593 0.878479
3 0.135156 0.75463 0.168229 0.47963 0.891991
3 0.452604 0.734722 0.453125 0.44537 0.913007
0 0.181771 0.0912037 0.0739583 0.128704 0.936347
