3 0.346875 0.206481 0.0833333 0.138889 0.764091
3 0.346615 0.731944 0.0838542 0.134259 0.768908
1 0.552604 0.209259 0.189583 0.0925926 0.808343
3 0.346875 0.55463 0.0802083 0.131481 0.810088
1 0.54401 0.728241 0.189063 0.087963 0.821257
3 0.346615 0.37963 0.0807292 0.135185 0.829756
4 0.559635 0.552315 0.289062 0.0842593 0.839337
3 0.15026 0.719907 0.197396 0.560185 0.849994
1 0.536198 0.375 0.152604 0.0907407 0.851352
0 0.177865 0.338426 0.129688 0.0972222 0.916695
0 0.181771 0.0912037 0.075 0.130556 0.939469
