1 0.133431 0.691406 0.0997067 0.0572917 0.753822
2 0.615469 0.859375 0.203079 0.046875 0.837969
3 0.752199 0.388021 0.492669 0.291667 0.841823
4 0.858138 0.0527344 0.178152 0.0716146 0.845372
2 0.653592 0.583984 0.260264 0.0742188 0.848259
2 0.688416 0.746745 0.329912 0.141927 0.852723
2 0.329545 0.207031 0.566716 0.078125 0.854724
2 0.278959 0.604818 0.468475 0.0794271 0.866957
1 0.134164 0.298177 0.101173 0.0572917 0.88279
3 0.291422 0.796224 0.440616 0.154948 0.887196
3 0.291056 0.435547 0.435484 0.21224 0.932258
0 0.0931085 0.0735677 0.109971 0.0872396 0.932441
