3 0.941349 0.916016 0.0879765 0.141927 0.732059
3 0.108138 0.870443 0.0535191 0.141927 0.767154
4 0.857405 0.0553385 0.0945748 0.0690104 0.845259
2 0.233504 0.20638 0.321847 0.0585938 0.849253
1 0.58761 0.29362 0.0975073 0.0507812 0.877207
2 0.306452 0.410807 0.253666 0.128906 0.881569
2 0.28739 0.88737 0.324047 0.0455729 0.893375
3 0.661657 0.438802 0.195748 0.226562 0.897002
1 0.293255 0.585286 0.178886 0.0559896 0.904787
3 0.504032 0.714844 0.546188 0.208333 0.909708
0 0.0931085 0.0729167 0.109971 0.0859375 0.928794
