3 0.108871 0.869141 0.0505865 0.134115 0.714743
3 0.941349 0.916016 0.0879765 0.141927 0.732694
4 0.857405 0.0553385 0.0945748 0.0690104 0.845266
2 0.233138 0.20638 0.322581 0.0585938 0.849722
1 0.58761 0.29362 0.0975073 0.0507812 0.876291
2 0.306085 0.410807 0.254399 0.128906 0.880485
2 0.288856 0.886719 0.321114 0.0442708 0.886897
1 0.293255 0.585286 0.178886 0.0559896 0.895568
3 0.661657 0.438802 0.195748 0.226562 0.896126
3 0.504399 0.716146 0.55132 0.208333 0.91461
0 0.0931085 0.0729167 0.109971 0.0859375 0.92875
