2 0.283724 0.35612 0.419355 0.13151 0.626938
2 0.284091 0.233724 0.421554 0.110677 0.738644
3 0.942449 0.917969 0.0843109 0.135417 0.794344
2 0.208578 0.477865 0.267595 0.0442708 0.83959
4 0.858504 0.0553385 0.133431 0.0690104 0.854767
0 0.0931085 0.0722656 0.109971 0.0872396 0.933022
3 0.745601 0.477865 0.508798 0.690104 0.943757
3 0.238636 0.746745 0.329179 0.477865 0.953859
2 0.283724 0.35612 0.419355 0.13151 0.626938
2 0.284091 0.233724 0.421554 0.110677 0.738644
3 0.942449 0.917969 0.0843109 0.135417 0.794344
2 0.208578 0.477865 0.267595 0.0442708 0.83959
4 0.858504 0.0553385 0.133431 0.0690104 0.854767
0 0.0931085 0.0722656 0.109971 0.0872396 0.933022
3 0.745601 0.477865 0.508798 0.690104 0.943757
3 0.238636 0.746745 0.329179 0.477865 0.953859
2 0.283724 0.35612 0.419355 0.13151 0.626938
2 0.284091 0.233724 0.421554 0.110677 0.738644
3 0.942449 0.917969 0.0843109 0.135417 0.794344
2 0.208578 0.477865 0.267595 0.0442708 0.83959
4 0.858504 0.0553385 0.133431 0.0690104 0.854767
0 0.0931085 0.0722656 0.109971 0.0872396 0.933022
3 0.745601 0.477865 0.508798 0.690104 0.943757
3 0.238636 0.746745 0.329179 0.477865 0.953859
2 0.283724 0.35612 0.419355 0.13151 0.626938
2 0.284091 0.233724 0.421554 0.110677 0.738644
3 0.942449 0.917969 0.0843109 0.135417 0.794344
2 0.208578 0.477865 0.267595 0.0442708 0.83959
4 0.858504 0.0553385 0.133431 0.0690104 0.854767
0 0.0931085 0.0722656 0.109971 0.0872396 0.933022
3 0.745601 0.477865 0.508798 0.690104 0.943757
3 0.238636 0.746745 0.329179 0.477865 0.953859
2 0.283724 0.35612 0.419355 0.13151 0.626938
2 0.284091 0.233724 0.421554 0.110677 0.738644
3 0.942449 0.917969 0.0843109 0.135417 0.794344
2 0.208578 0.477865 0.267595 0.0442708 0.83959
4 0.858504 0.0553385 0.133431 0.0690104 0.854767
0 0.0931085 0.0722656 0.109971 0.0872396 0.933022
3 0.745601 0.477865 0.508798 0.690104 0.943757
3 0.238636 0.746745 0.329179 0.477865 0.953859
2 0.283724 0.35612 0.419355 0.13151 0.626938
2 0.284091 0.233724 0.421554 0.110677 0.738644
3 0.942449 0.917969 0.0843109 0.135417 0.794344
2 0.208578 0.477865 0.267595 0.0442708 0.83959
4 0.858504 0.0553385 0.133431 0.0690104 0.854767
0 0.0931085 0.0722656 0.109971 0.0872396 0.933022
3 0.745601 0.477865 0.508798 0.690104 0.943757
3 0.238636 0.746745 0.329179 0.477865 0.953859
2 0.283724 0.35612 0.419355 0.13151 0.626938
2 0.284091 0.233724 0.421554 0.110677 0.738644
3 0.942449 0.917969 0.0843109 0.135417 0.794344
2 0.208578 0.477865 0.267595 0.0442708 0.83959
4 0.858504 0.0553385 0.133431 0.0690104 0.854767
0 0.0931085 0.0722656 0.109971 0.0872396 0.933022
3 0.745601 0.477865 0.508798 0.690104 0.943757
3 0.238636 0.746745 0.329179 0.477865 0.953859
2 0.283724 0.35612 0.419355 0.13151 0.626938
2 0.284091 0.233724 0.421554 0.110677 0.738644
3 0.942449 0.917969 0.0843109 0.135417 0.794344
2 0.208578 0.477865 0.267595 0.0442708 0.83959
4 0.858504 0.0553385 0.133431 0.0690104 0.854767
0 0.0931085 0.0722656 0.109971 0.0872396 0.933022
3 0.745601 0.477865 0.508798 0.690104 0.943757
3 0.238636 0.746745 0.329179 0.477865 0.953859
2 0.283724 0.35612 0.419355 0.13151 0.626938
2 0.284091 0.233724 0.421554 0.110677 0.738644
3 0.942449 0.917969 0.0843109 0.135417 0.794344
2 0.208578 0.477865 0.267595 0.0442708 0.83959
4 0.858504 0.0553385 0.133431 0.0690104 0.854767
0 0.0931085 0.0722656 0.109971 0.0872396 0.933022
3 0.745601 0.477865 0.508798 0.690104 0.943757
3 0.238636 0.746745 0.329179 0.477865 0.953859
2 0.283724 0.35612 0.419355 0.13151 0.626938
2 0.284091 0.233724 0.421554 0.110677 0.738644
3 0.942449 0.917969 0.0843109 0.135417 0.794344
2 0.208578 0.477865 0.267595 0.0442708 0.83959
4 0.858504 0.0553385 0.133431 0.0690104 0.854767
0 0.0931085 0.0722656 0.109971 0.0872396 0.933022
3 0.745601 0.477865 0.508798 0.690104 0.943757
3 0.238636 0.746745 0.329179 0.477865 0.953859
2 0.283724 0.35612 0.419355 0.13151 0.626938
2 0.284091 0.233724 0.421554 0.110677 0.738644
3 0.942449 0.917969 0.0843109 0.135417 0.794344
2 0.208578 0.477865 0.267595 0.0442708 0.83959
4 0.858504 0.0553385 0.133431 0.0690104 0.854767
0 0.0931085 0.0722656 0.109971 0.0872396 0.933022
3 0.745601 0.477865 0.508798 0.690104 0.943757
3 0.238636 0.746745 0.329179 0.477865 0.953859
2 0.283724 0.35612 0.419355 0.13151 0.626938
2 0.284091 0.233724 0.421554 0.110677 0.738644
3 0.942449 0.917969 0.0843109 0.135417 0.794344
2 0.208578 0.477865 0.267595 0.0442708 0.83959
4 0.858504 0.0553385 0.133431 0.0690104 0.854767
0 0.0931085 0.0722656 0.109971 0.0872396 0.933022
3 0.745601 0.477865 0.508798 0.690104 0.943757
3 0.238636 0.746745 0.329179 0.477865 0.953859
2 0.283724 0.35612 0.419355 0.13151 0.626938
2 0.284091 0.233724 0.421554 0.110677 0.738644
3 0.942449 0.917969 0.0843109 0.135417 0.794344
2 0.208578 0.477865 0.267595 0.0442708 0.83959
4 0.858504 0.0553385 0.133431 0.0690104 0.854767
0 0.0931085 0.0722656 0.109971 0.0872396 0.933022
3 0.745601 0.477865 0.508798 0.690104 0.943757
3 0.238636 0.746745 0.329179 0.477865 0.953859
2 0.283724 0.35612 0.419355 0.13151 0.626938
2 0.284091 0.233724 0.421554 0.110677 0.738644
3 0.942449 0.917969 0.0843109 0.135417 0.794344
2 0.208578 0.477865 0.267595 0.0442708 0.83959
4 0.858504 0.0553385 0.133431 0.0690104 0.854767
0 0.0931085 0.0722656 0.109971 0.0872396 0.933022
3 0.745601 0.477865 0.508798 0.690104 0.943757
3 0.238636 0.746745 0.329179 0.477865 0.953859
2 0.283724 0.35612 0.419355 0.13151 0.626938
2 0.284091 0.233724 0.421554 0.110677 0.738644
3 0.942449 0.917969 0.0843109 0.135417 0.794344
2 0.208578 0.477865 0.267595 0.0442708 0.83959
4 0.858504 0.0553385 0.133431 0.0690104 0.854767
0 0.0931085 0.0722656 0.109971 0.0872396 0.933022
3 0.745601 0.477865 0.508798 0.690104 0.943757
3 0.238636 0.746745 0.329179 0.477865 0.953859
2 0.283724 0.35612 0.419355 0.13151 0.626938
2 0.284091 0.233724 0.421554 0.110677 0.738644
3 0.942449 0.917969 0.0843109 0.135417 0.794344
2 0.208578 0.477865 0.267595 0.0442708 0.83959
4 0.858504 0.0553385 0.133431 0.0690104 0.854767
0 0.0931085 0.0722656 0.109971 0.0872396 0.933022
3 0.745601 0.477865 0.508798 0.690104 0.943757
3 0.238636 0.746745 0.329179 0.477865 0.953859
2 0.283724 0.35612 0.419355 0.13151 0.626938
2 0.284091 0.233724 0.421554 0.110677 0.738644
3 0.942449 0.917969 0.0843109 0.135417 0.794344
2 0.208578 0.477865 0.267595 0.0442708 0.83959
4 0.858504 0.0553385 0.133431 0.0690104 0.854767
0 0.0931085 0.0722656 0.109971 0.0872396 0.933022
3 0.745601 0.477865 0.508798 0.690104 0.943757
3 0.238636 0.746745 0.329179 0.477865 0.953859
2 0.283724 0.35612 0.419355 0.13151 0.626938
2 0.284091 0.233724 0.421554 0.110677 0.738644
3 0.942449 0.917969 0.0843109 0.135417 0.794344
2 0.208578 0.477865 0.267595 0.0442708 0.83959
4 0.858504 0.0553385 0.133431 0.0690104 0.854767
0 0.0931085 0.0722656 0.109971 0.0872396 0.933022
3 0.745601 0.477865 0.508798 0.690104 0.943757
3 0.238636 0.746745 0.329179 0.477865 0.953859
2 0.283724 0.35612 0.419355 0.13151 0.626938
2 0.284091 0.233724 0.421554 0.110677 0.738644
3 0.942449 0.917969 0.0843109 0.135417 0.794344
2 0.208578 0.477865 0.267595 0.0442708 0.83959
4 0.858504 0.0553385 0.133431 0.0690104 0.854767
0 0.0931085 0.0722656 0.109971 0.0872396 0.933022
3 0.745601 0.477865 0.508798 0.690104 0.943757
3 0.238636 0.746745 0.329179 0.477865 0.953859
