2 0.417889 0.20638 0.695015 0.0559896 0.604389
6 0.561217 0.837891 0.0828446 0.0481771 0.647502
3 0.940982 0.916016 0.0857771 0.139323 0.741867
2 0.21151 0.542969 0.27346 0.0494792 0.837857
4 0.858504 0.0540365 0.151026 0.0716146 0.837866
2 0.215543 0.409505 0.266862 0.165365 0.85745
2 0.629032 0.410156 0.549853 0.166667 0.858046
1 0.168622 0.282552 0.195015 0.0625 0.864188
0 0.0934751 0.0729167 0.110704 0.0859375 0.928192
3 0.190616 0.740234 0.252199 0.326823 0.959248
2 0.417889 0.20638 0.695015 0.0559896 0.604389
6 0.561217 0.837891 0.0828446 0.0481771 0.647502
3 0.940982 0.916016 0.0857771 0.139323 0.741867
2 0.21151 0.542969 0.27346 0.0494792 0.837857
4 0.858504 0.0540365 0.151026 0.0716146 0.837866
2 0.215543 0.409505 0.266862 0.165365 0.85745
2 0.629032 0.410156 0.549853 0.166667 0.858046
1 0.168622 0.282552 0.195015 0.0625 0.864188
0 0.0934751 0.0729167 0.110704 0.0859375 0.928192
3 0.190616 0.740234 0.252199 0.326823 0.959248
2 0.417889 0.20638 0.695015 0.0559896 0.604389
6 0.561217 0.837891 0.0828446 0.0481771 0.647502
3 0.940982 0.916016 0.0857771 0.139323 0.741867
2 0.21151 0.542969 0.27346 0.0494792 0.837857
4 0.858504 0.0540365 0.151026 0.0716146 0.837866
2 0.215543 0.409505 0.266862 0.165365 0.85745
2 0.629032 0.410156 0.549853 0.166667 0.858046
1 0.168622 0.282552 0.195015 0.0625 0.864188
0 0.0934751 0.0729167 0.110704 0.0859375 0.928192
3 0.190616 0.740234 0.252199 0.326823 0.959248
2 0.417889 0.20638 0.695015 0.0559896 0.604389
6 0.561217 0.837891 0.0828446 0.0481771 0.647502
3 0.940982 0.916016 0.0857771 0.139323 0.741867
2 0.21151 0.542969 0.27346 0.0494792 0.837857
4 0.858504 0.0540365 0.151026 0.0716146 0.837866
2 0.215543 0.409505 0.266862 0.165365 0.85745
2 0.629032 0.410156 0.549853 0.166667 0.858046
1 0.168622 0.282552 0.195015 0.0625 0.864188
0 0.0934751 0.0729167 0.110704 0.0859375 0.928192
3 0.190616 0.740234 0.252199 0.326823 0.959248
2 0.417889 0.20638 0.695015 0.0559896 0.604389
6 0.561217 0.837891 0.0828446 0.0481771 0.647502
3 0.940982 0.916016 0.0857771 0.139323 0.741867
2 0.21151 0.542969 0.27346 0.0494792 0.837857
4 0.858504 0.0540365 0.151026 0.0716146 0.837866
2 0.215543 0.409505 0.266862 0.165365 0.85745
2 0.629032 0.410156 0.549853 0.166667 0.858046
1 0.168622 0.282552 0.195015 0.0625 0.864188
0 0.0934751 0.0729167 0.110704 0.0859375 0.928192
3 0.190616 0.740234 0.252199 0.326823 0.959248
2 0.417889 0.20638 0.695015 0.0559896 0.604389
6 0.561217 0.837891 0.0828446 0.0481771 0.647502
3 0.940982 0.916016 0.0857771 0.139323 0.741867
2 0.21151 0.542969 0.27346 0.0494792 0.837857
4 0.858504 0.0540365 0.151026 0.0716146 0.837866
2 0.215543 0.409505 0.266862 0.165365 0.85745
2 0.629032 0.410156 0.549853 0.166667 0.858046
1 0.168622 0.282552 0.195015 0.0625 0.864188
0 0.0934751 0.0729167 0.110704 0.0859375 0.928192
3 0.190616 0.740234 0.252199 0.326823 0.959248
2 0.417889 0.20638 0.695015 0.0559896 0.604389
6 0.561217 0.837891 0.0828446 0.0481771 0.647502
3 0.940982 0.916016 0.0857771 0.139323 0.741867
2 0.21151 0.542969 0.27346 0.0494792 0.837857
4 0.858504 0.0540365 0.151026 0.0716146 0.837866
2 0.215543 0.409505 0.266862 0.165365 0.85745
2 0.629032 0.410156 0.549853 0.166667 0.858046
1 0.168622 0.282552 0.195015 0.0625 0.864188
0 0.0934751 0.0729167 0.110704 0.0859375 0.928192
3 0.190616 0.740234 0.252199 0.326823 0.959248
2 0.417889 0.20638 0.695015 0.0559896 0.604389
6 0.561217 0.837891 0.0828446 0.0481771 0.647502
3 0.940982 0.916016 0.0857771 0.139323 0.741867
2 0.21151 0.542969 0.27346 0.0494792 0.837857
4 0.858504 0.0540365 0.151026 0.0716146 0.837866
2 0.215543 0.409505 0.266862 0.165365 0.85745
2 0.629032 0.410156 0.549853 0.166667 0.858046
1 0.168622 0.282552 0.195015 0.0625 0.864188
0 0.0934751 0.0729167 0.110704 0.0859375 0.928192
3 0.190616 0.740234 0.252199 0.326823 0.959248
2 0.417889 0.20638 0.695015 0.0559896 0.604389
6 0.561217 0.837891 0.0828446 0.0481771 0.647502
3 0.940982 0.916016 0.0857771 0.139323 0.741867
2 0.21151 0.542969 0.27346 0.0494792 0.837857
4 0.858504 0.0540365 0.151026 0.0716146 0.837866
2 0.215543 0.409505 0.266862 0.165365 0.85745
2 0.629032 0.410156 0.549853 0.166667 0.858046
1 0.168622 0.282552 0.195015 0.0625 0.864188
0 0.0934751 0.0729167 0.110704 0.0859375 0.928192
3 0.190616 0.740234 0.252199 0.326823 0.959248
2 0.417889 0.20638 0.695015 0.0559896 0.604389
6 0.561217 0.837891 0.0828446 0.0481771 0.647502
3 0.940982 0.916016 0.0857771 0.139323 0.741867
2 0.21151 0.542969 0.27346 0.0494792 0.837857
4 0.858504 0.0540365 0.151026 0.0716146 0.837866
2 0.215543 0.409505 0.266862 0.165365 0.85745
2 0.629032 0.410156 0.549853 0.166667 0.858046
1 0.168622 0.282552 0.195015 0.0625 0.864188
0 0.0934751 0.0729167 0.110704 0.0859375 0.928192
3 0.190616 0.740234 0.252199 0.326823 0.959248
2 0.417889 0.20638 0.695015 0.0559896 0.604389
6 0.561217 0.837891 0.0828446 0.0481771 0.647502
3 0.940982 0.916016 0.0857771 0.139323 0.741867
2 0.21151 0.542969 0.27346 0.0494792 0.837857
4 0.858504 0.0540365 0.151026 0.0716146 0.837866
2 0.215543 0.409505 0.266862 0.165365 0.85745
2 0.629032 0.410156 0.549853 0.166667 0.858046
1 0.168622 0.282552 0.195015 0.0625 0.864188
0 0.0934751 0.0729167 0.110704 0.0859375 0.928192
3 0.190616 0.740234 0.252199 0.326823 0.959248
2 0.417889 0.20638 0.695015 0.0559896 0.604389
6 0.561217 0.837891 0.0828446 0.0481771 0.647502
3 0.940982 0.916016 0.0857771 0.139323 0.741867
2 0.21151 0.542969 0.27346 0.0494792 0.837857
4 0.858504 0.0540365 0.151026 0.0716146 0.837866
2 0.215543 0.409505 0.266862 0.165365 0.85745
2 0.629032 0.410156 0.549853 0.166667 0.858046
1 0.168622 0.282552 0.195015 0.0625 0.864188
0 0.0934751 0.0729167 0.110704 0.0859375 0.928192
3 0.190616 0.740234 0.252199 0.326823 0.959248
2 0.417889 0.20638 0.695015 0.0559896 0.604389
6 0.561217 0.837891 0.0828446 0.0481771 0.647502
3 0.940982 0.916016 0.0857771 0.139323 0.741867
2 0.21151 0.542969 0.27346 0.0494792 0.837857
4 0.858504 0.0540365 0.151026 0.0716146 0.837866
2 0.215543 0.409505 0.266862 0.165365 0.85745
2 0.629032 0.410156 0.549853 0.166667 0.858046
1 0.168622 0.282552 0.195015 0.0625 0.864188
0 0.0934751 0.0729167 0.110704 0.0859375 0.928192
3 0.190616 0.740234 0.252199 0.326823 0.959248
2 0.417889 0.20638 0.695015 0.0559896 0.604389
6 0.561217 0.837891 0.0828446 0.0481771 0.647502
3 0.940982 0.916016 0.0857771 0.139323 0.741867
2 0.21151 0.542969 0.27346 0.0494792 0.837857
4 0.858504 0.0540365 0.151026 0.0716146 0.837866
2 0.215543 0.409505 0.266862 0.165365 0.85745
2 0.629032 0.410156 0.549853 0.166667 0.858046
1 0.168622 0.282552 0.195015 0.0625 0.864188
0 0.0934751 0.0729167 0.110704 0.0859375 0.928192
3 0.190616 0.740234 0.252199 0.326823 0.959248
2 0.417889 0.20638 0.695015 0.0559896 0.604389
6 0.561217 0.837891 0.0828446 0.0481771 0.647502
3 0.940982 0.916016 0.0857771 0.139323 0.741867
2 0.21151 0.542969 0.27346 0.0494792 0.837857
4 0.858504 0.0540365 0.151026 0.0716146 0.837866
2 0.215543 0.409505 0.266862 0.165365 0.85745
2 0.629032 0.410156 0.549853 0.166667 0.858046
1 0.168622 0.282552 0.195015 0.0625 0.864188
0 0.0934751 0.0729167 0.110704 0.0859375 0.928192
3 0.190616 0.740234 0.252199 0.326823 0.959248
2 0.417889 0.20638 0.695015 0.0559896 0.604389
6 0.561217 0.837891 0.0828446 0.0481771 0.647502
3 0.940982 0.916016 0.0857771 0.139323 0.741867
2 0.21151 0.542969 0.27346 0.0494792 0.837857
4 0.858504 0.0540365 0.151026 0.0716146 0.837866
2 0.215543 0.409505 0.266862 0.165365 0.85745
2 0.629032 0.410156 0.549853 0.166667 0.858046
1 0.168622 0.282552 0.195015 0.0625 0.864188
0 0.0934751 0.0729167 0.110704 0.0859375 0.928192
3 0.190616 0.740234 0.252199 0.326823 0.959248
2 0.417889 0.20638 0.695015 0.0559896 0.604389
6 0.561217 0.837891 0.0828446 0.0481771 0.647502
3 0.940982 0.916016 0.0857771 0.139323 0.741867
2 0.21151 0.542969 0.27346 0.0494792 0.837857
4 0.858504 0.0540365 0.151026 0.0716146 0.837866
2 0.215543 0.409505 0.266862 0.165365 0.85745
2 0.629032 0.410156 0.549853 0.166667 0.858046
1 0.168622 0.282552 0.195015 0.0625 0.864188
0 0.0934751 0.0729167 0.110704 0.0859375 0.928192
3 0.190616 0.740234 0.252199 0.326823 0.959248
2 0.417889 0.20638 0.695015 0.0559896 0.604389
6 0.561217 0.837891 0.0828446 0.0481771 0.647502
3 0.940982 0.916016 0.0857771 0.139323 0.741867
2 0.21151 0.542969 0.27346 0.0494792 0.837857
4 0.858504 0.0540365 0.151026 0.0716146 0.837866
2 0.215543 0.409505 0.266862 0.165365 0.85745
2 0.629032 0.410156 0.549853 0.166667 0.858046
1 0.168622 0.282552 0.195015 0.0625 0.864188
0 0.0934751 0.0729167 0.110704 0.0859375 0.928192
3 0.190616 0.740234 0.252199 0.326823 0.959248
2 0.417889 0.20638 0.695015 0.0559896 0.604389
6 0.561217 0.837891 0.0828446 0.0481771 0.647502
3 0.940982 0.916016 0.0857771 0.139323 0.741867
2 0.21151 0.542969 0.27346 0.0494792 0.837857
4 0.858504 0.0540365 0.151026 0.0716146 0.837866
2 0.215543 0.409505 0.266862 0.165365 0.85745
2 0.629032 0.410156 0.549853 0.166667 0.858046
1 0.168622 0.282552 0.195015 0.0625 0.864188
0 0.0934751 0.0729167 0.110704 0.0859375 0.928192
3 0.190616 0.740234 0.252199 0.326823 0.959248
