4 0.665689 0.82487 0.282991 0.105469 0.609663
3 0.941716 0.916667 0.0887097 0.143229 0.763632
2 0.371334 0.371745 0.587243 0.199219 0.837325
4 0.858138 0.0540365 0.15176 0.0716146 0.839922
2 0.21371 0.539714 0.279326 0.0507812 0.845298
2 0.255865 0.204427 0.356305 0.0520833 0.845843
3 0.306818 0.64974 0.458211 0.148438 0.908304
0 0.0931085 0.0729167 0.109971 0.0859375 0.924431
4 0.665689 0.82487 0.282991 0.105469 0.609663
3 0.941716 0.916667 0.0887097 0.143229 0.763632
2 0.371334 0.371745 0.587243 0.199219 0.837325
4 0.858138 0.0540365 0.15176 0.0716146 0.839922
2 0.21371 0.539714 0.279326 0.0507812 0.845298
2 0.255865 0.204427 0.356305 0.0520833 0.845843
3 0.306818 0.64974 0.458211 0.148438 0.908304
0 0.0931085 0.0729167 0.109971 0.0859375 0.924431
4 0.665689 0.82487 0.282991 0.105469 0.609663
3 0.941716 0.916667 0.0887097 0.143229 0.763632
2 0.371334 0.371745 0.587243 0.199219 0.837325
4 0.858138 0.0540365 0.15176 0.0716146 0.839922
2 0.21371 0.539714 0.279326 0.0507812 0.845298
2 0.255865 0.204427 0.356305 0.0520833 0.845843
3 0.306818 0.64974 0.458211 0.148438 0.908304
0 0.0931085 0.0729167 0.109971 0.0859375 0.924431
4 0.665689 0.82487 0.282991 0.105469 0.609663
3 0.941716 0.916667 0.0887097 0.143229 0.763632
2 0.371334 0.371745 0.587243 0.199219 0.837325
4 0.858138 0.0540365 0.15176 0.0716146 0.839922
2 0.21371 0.539714 0.279326 0.0507812 0.845298
2 0.255865 0.204427 0.356305 0.0520833 0.845843
3 0.306818 0.64974 0.458211 0.148438 0.908304
0 0.0931085 0.0729167 0.109971 0.0859375 0.924431
4 0.665689 0.82487 0.282991 0.105469 0.609663
3 0.941716 0.916667 0.0887097 0.143229 0.763632
2 0.371334 0.371745 0.587243 0.199219 0.837325
4 0.858138 0.0540365 0.15176 0.0716146 0.839922
2 0.21371 0.539714 0.279326 0.0507812 0.845298
2 0.255865 0.204427 0.356305 0.0520833 0.845843
3 0.306818 0.64974 0.458211 0.148438 0.908304
0 0.0931085 0.0729167 0.109971 0.0859375 0.924431
4 0.665689 0.82487 0.282991 0.105469 0.609663
3 0.941716 0.916667 0.0887097 0.143229 0.763632
2 0.371334 0.371745 0.587243 0.199219 0.837325
4 0.858138 0.0540365 0.15176 0.0716146 0.839922
2 0.21371 0.539714 0.279326 0.0507812 0.845298
2 0.255865 0.204427 0.356305 0.0520833 0.845843
3 0.306818 0.64974 0.458211 0.148438 0.908304
0 0.0931085 0.0729167 0.109971 0.0859375 0.924431
4 0.665689 0.82487 0.282991 0.105469 0.609663
3 0.941716 0.916667 0.0887097 0.143229 0.763632
2 0.371334 0.371745 0.587243 0.199219 0.837325
4 0.858138 0.0540365 0.15176 0.0716146 0.839922
2 0.21371 0.539714 0.279326 0.0507812 0.845298
2 0.255865 0.204427 0.356305 0.0520833 0.845843
3 0.306818 0.64974 0.458211 0.148438 0.908304
0 0.0931085 0.0729167 0.109971 0.0859375 0.924431
4 0.665689 0.82487 0.282991 0.105469 0.609663
3 0.941716 0.916667 0.0887097 0.143229 0.763632
2 0.371334 0.371745 0.587243 0.199219 0.837325
4 0.858138 0.0540365 0.15176 0.0716146 0.839922
2 0.21371 0.539714 0.279326 0.0507812 0.845298
2 0.255865 0.204427 0.356305 0.0520833 0.845843
3 0.306818 0.64974 0.458211 0.148438 0.908304
0 0.0931085 0.0729167 0.109971 0.0859375 0.924431
4 0.665689 0.82487 0.282991 0.105469 0.609663
3 0.941716 0.916667 0.0887097 0.143229 0.763632
2 0.371334 0.371745 0.587243 0.199219 0.837325
4 0.858138 0.0540365 0.15176 0.0716146 0.839922
2 0.21371 0.539714 0.279326 0.0507812 0.845298
2 0.255865 0.204427 0.356305 0.0520833 0.845843
3 0.306818 0.64974 0.458211 0.148438 0.908304
0 0.0931085 0.0729167 0.109971 0.0859375 0.924431
4 0.665689 0.82487 0.282991 0.105469 0.609663
3 0.941716 0.916667 0.0887097 0.143229 0.763632
2 0.371334 0.371745 0.587243 0.199219 0.837325
4 0.858138 0.0540365 0.15176 0.0716146 0.839922
2 0.21371 0.539714 0.279326 0.0507812 0.845298
2 0.255865 0.204427 0.356305 0.0520833 0.845843
3 0.306818 0.64974 0.458211 0.148438 0.908304
0 0.0931085 0.0729167 0.109971 0.0859375 0.924431
4 0.665689 0.82487 0.282991 0.105469 0.609663
3 0.941716 0.916667 0.0887097 0.143229 0.763632
2 0.371334 0.371745 0.587243 0.199219 0.837325
4 0.858138 0.0540365 0.15176 0.0716146 0.839922
2 0.21371 0.539714 0.279326 0.0507812 0.845298
2 0.255865 0.204427 0.356305 0.0520833 0.845843
3 0.306818 0.64974 0.458211 0.148438 0.908304
0 0.0931085 0.0729167 0.109971 0.0859375 0.924431
4 0.665689 0.82487 0.282991 0.105469 0.609663
3 0.941716 0.916667 0.0887097 0.143229 0.763632
2 0.371334 0.371745 0.587243 0.199219 0.837325
4 0.858138 0.0540365 0.15176 0.0716146 0.839922
2 0.21371 0.539714 0.279326 0.0507812 0.845298
2 0.255865 0.204427 0.356305 0.0520833 0.845843
3 0.306818 0.64974 0.458211 0.148438 0.908304
0 0.0931085 0.0729167 0.109971 0.0859375 0.924431
4 0.665689 0.82487 0.282991 0.105469 0.609663
3 0.941716 0.916667 0.0887097 0.143229 0.763632
2 0.371334 0.371745 0.587243 0.199219 0.837325
4 0.858138 0.0540365 0.15176 0.0716146 0.839922
2 0.21371 0.539714 0.279326 0.0507812 0.845298
2 0.255865 0.204427 0.356305 0.0520833 0.845843
3 0.306818 0.64974 0.458211 0.148438 0.908304
0 0.0931085 0.0729167 0.109971 0.0859375 0.924431
4 0.665689 0.82487 0.282991 0.105469 0.609663
3 0.941716 0.916667 0.0887097 0.143229 0.763632
2 0.371334 0.371745 0.587243 0.199219 0.837325
4 0.858138 0.0540365 0.15176 0.0716146 0.839922
2 0.21371 0.539714 0.279326 0.0507812 0.845298
2 0.255865 0.204427 0.356305 0.0520833 0.845843
3 0.306818 0.64974 0.458211 0.148438 0.908304
0 0.0931085 0.0729167 0.109971 0.0859375 0.924431
4 0.665689 0.82487 0.282991 0.105469 0.609663
3 0.941716 0.916667 0.0887097 0.143229 0.763632
2 0.371334 0.371745 0.587243 0.199219 0.837325
4 0.858138 0.0540365 0.15176 0.0716146 0.839922
2 0.21371 0.539714 0.279326 0.0507812 0.845298
2 0.255865 0.204427 0.356305 0.0520833 0.845843
3 0.306818 0.64974 0.458211 0.148438 0.908304
0 0.0931085 0.0729167 0.109971 0.0859375 0.924431
4 0.665689 0.82487 0.282991 0.105469 0.609663
3 0.941716 0.916667 0.0887097 0.143229 0.763632
2 0.371334 0.371745 0.587243 0.199219 0.837325
4 0.858138 0.0540365 0.15176 0.0716146 0.839922
2 0.21371 0.539714 0.279326 0.0507812 0.845298
2 0.255865 0.204427 0.356305 0.0520833 0.845843
3 0.306818 0.64974 0.458211 0.148438 0.908304
0 0.0931085 0.0729167 0.109971 0.0859375 0.924431
4 0.665689 0.82487 0.282991 0.105469 0.609663
3 0.941716 0.916667 0.0887097 0.143229 0.763632
2 0.371334 0.371745 0.587243 0.199219 0.837325
4 0.858138 0.0540365 0.15176 0.0716146 0.839922
2 0.21371 0.539714 0.279326 0.0507812 0.845298
2 0.255865 0.204427 0.356305 0.0520833 0.845843
3 0.306818 0.64974 0.458211 0.148438 0.908304
0 0.0931085 0.0729167 0.109971 0.0859375 0.924431
4 0.665689 0.82487 0.282991 0.105469 0.609663
3 0.941716 0.916667 0.0887097 0.143229 0.763632
2 0.371334 0.371745 0.587243 0.199219 0.837325
4 0.858138 0.0540365 0.15176 0.0716146 0.839922
2 0.21371 0.539714 0.279326 0.0507812 0.845298
2 0.255865 0.204427 0.356305 0.0520833 0.845843
3 0.306818 0.64974 0.458211 0.148438 0.908304
0 0.0931085 0.0729167 0.109971 0.0859375 0.924431
4 0.665689 0.82487 0.282991 0.105469 0.609663
3 0.941716 0.916667 0.0887097 0.143229 0.763632
2 0.371334 0.371745 0.587243 0.199219 0.837325
4 0.858138 0.0540365 0.15176 0.0716146 0.839922
2 0.21371 0.539714 0.279326 0.0507812 0.845298
2 0.255865 0.204427 0.356305 0.0520833 0.845843
3 0.306818 0.64974 0.458211 0.148438 0.908304
0 0.0931085 0.0729167 0.109971 0.0859375 0.924431
