3 0.525293 0.458984 0.928886 0.917969 0.653624
3 0.0711144 0.794922 0.133431 0.136719 0.754598
3 0.0780792 0.509766 0.156158 0.790365 0.787339
3 0.393695 0.693359 0.153959 0.199219 0.93687
3 0.525293 0.458984 0.928886 0.917969 0.653624
3 0.0711144 0.794922 0.133431 0.136719 0.754598
3 0.0780792 0.509766 0.156158 0.790365 0.787339
3 0.393695 0.693359 0.153959 0.199219 0.93687
3 0.525293 0.458984 0.928886 0.917969 0.653624
3 0.0711144 0.794922 0.133431 0.136719 0.754598
3 0.0780792 0.509766 0.156158 0.790365 0.787339
3 0.393695 0.693359 0.153959 0.199219 0.93687
3 0.525293 0.458984 0.928886 0.917969 0.653624
3 0.0711144 0.794922 0.133431 0.136719 0.754598
3 0.0780792 0.509766 0.156158 0.790365 0.787339
3 0.393695 0.693359 0.153959 0.199219 0.93687
3 0.525293 0.458984 0.928886 0.917969 0.653624
3 0.0711144 0.794922 0.133431 0.136719 0.754598
3 0.0780792 0.509766 0.156158 0.790365 0.787339
3 0.393695 0.693359 0.153959 0.199219 0.93687
3 0.525293 0.458984 0.928886 0.917969 0.653624
3 0.0711144 0.794922 0.133431 0.136719 0.754598
3 0.0780792 0.509766 0.156158 0.790365 0.787339
3 0.393695 0.693359 0.153959 0.199219 0.93687
3 0.525293 0.458984 0.928886 0.917969 0.653624
3 0.0711144 0.794922 0.133431 0.136719 0.754598
3 0.0780792 0.509766 0.156158 0.790365 0.787339
3 0.393695 0.693359 0.153959 0.199219 0.93687
3 0.525293 0.458984 0.928886 0.917969 0.653624
3 0.0711144 0.794922 0.133431 0.136719 0.754598
3 0.0780792 0.509766 0.156158 0.790365 0.787339
3 0.393695 0.693359 0.153959 0.199219 0.93687
3 0.525293 0.458984 0.928886 0.917969 0.653624
3 0.0711144 0.794922 0.133431 0.136719 0.754598
3 0.0780792 0.509766 0.156158 0.790365 0.787339
3 0.393695 0.693359 0.153959 0.199219 0.93687
3 0.525293 0.458984 0.928886 0.917969 0.653624
3 0.0711144 0.794922 0.133431 0.136719 0.754598
3 0.0780792 0.509766 0.156158 0.790365 0.787339
3 0.393695 0.693359 0.153959 0.199219 0.93687
3 0.525293 0.458984 0.928886 0.917969 0.653624
3 0.0711144 0.794922 0.133431 0.136719 0.754598
3 0.0780792 0.509766 0.156158 0.790365 0.787339
3 0.393695 0.693359 0.153959 0.199219 0.93687
3 0.525293 0.458984 0.928886 0.917969 0.653624
3 0.0711144 0.794922 0.133431 0.136719 0.754598
3 0.0780792 0.509766 0.156158 0.790365 0.787339
3 0.393695 0.693359 0.153959 0.199219 0.93687
3 0.525293 0.458984 0.928886 0.917969 0.653624
3 0.0711144 0.794922 0.133431 0.136719 0.754598
3 0.0780792 0.509766 0.156158 0.790365 0.787339
3 0.393695 0.693359 0.153959 0.199219 0.93687
3 0.525293 0.458984 0.928886 0.917969 0.653624
3 0.0711144 0.794922 0.133431 0.136719 0.754598
3 0.0780792 0.509766 0.156158 0.790365 0.787339
3 0.393695 0.693359 0.153959 0.199219 0.93687
3 0.525293 0.458984 0.928886 0.917969 0.653624
3 0.0711144 0.794922 0.133431 0.136719 0.754598
3 0.0780792 0.509766 0.156158 0.790365 0.787339
3 0.393695 0.693359 0.153959 0.199219 0.93687
3 0.525293 0.458984 0.928886 0.917969 0.653624
3 0.0711144 0.794922 0.133431 0.136719 0.754598
3 0.0780792 0.509766 0.156158 0.790365 0.787339
3 0.393695 0.693359 0.153959 0.199219 0.93687
3 0.525293 0.458984 0.928886 0.917969 0.653624
3 0.0711144 0.794922 0.133431 0.136719 0.754598
3 0.0780792 0.509766 0.156158 0.790365 0.787339
3 0.393695 0.693359 0.153959 0.199219 0.93687
3 0.525293 0.458984 0.928886 0.917969 0.653624
3 0.0711144 0.794922 0.133431 0.136719 0.754598
3 0.0780792 0.509766 0.156158 0.790365 0.787339
3 0.393695 0.693359 0.153959 0.199219 0.93687
3 0.525293 0.458984 0.928886 0.917969 0.653624
3 0.0711144 0.794922 0.133431 0.136719 0.754598
3 0.0780792 0.509766 0.156158 0.790365 0.787339
3 0.393695 0.693359 0.153959 0.199219 0.93687
