2 0.418255 0.20638 0.694282 0.0559896 0.607817
6 0.561217 0.837891 0.0828446 0.0481771 0.635307
3 0.940982 0.916016 0.0857771 0.139323 0.741796
4 0.858504 0.0540365 0.151026 0.0716146 0.837861
2 0.211877 0.542969 0.274194 0.0494792 0.838775
2 0.629032 0.410156 0.549853 0.166667 0.857524
2 0.214443 0.409505 0.266129 0.165365 0.863138
1 0.168255 0.282552 0.194282 0.0625 0.865277
0 0.0934751 0.0729167 0.110704 0.0859375 0.927948
3 0.190249 0.739583 0.251466 0.328125 0.958103
2 0.418255 0.20638 0.694282 0.0559896 0.607817
6 0.561217 0.837891 0.0828446 0.0481771 0.635307
3 0.940982 0.916016 0.0857771 0.139323 0.741796
4 0.858504 0.0540365 0.151026 0.0716146 0.837861
2 0.211877 0.542969 0.274194 0.0494792 0.838775
2 0.629032 0.410156 0.549853 0.166667 0.857524
2 0.214443 0.409505 0.266129 0.165365 0.863138
1 0.168255 0.282552 0.194282 0.0625 0.865277
0 0.0934751 0.0729167 0.110704 0.0859375 0.927948
3 0.190249 0.739583 0.251466 0.328125 0.958103
2 0.418255 0.20638 0.694282 0.0559896 0.607817
6 0.561217 0.837891 0.0828446 0.0481771 0.635307
3 0.940982 0.916016 0.0857771 0.139323 0.741796
4 0.858504 0.0540365 0.151026 0.0716146 0.837861
2 0.211877 0.542969 0.274194 0.0494792 0.838775
2 0.629032 0.410156 0.549853 0.166667 0.857524
2 0.214443 0.409505 0.266129 0.165365 0.863138
1 0.168255 0.282552 0.194282 0.0625 0.865277
0 0.0934751 0.0729167 0.110704 0.0859375 0.927948
3 0.190249 0.739583 0.251466 0.328125 0.958103
2 0.418255 0.20638 0.694282 0.0559896 0.607817
6 0.561217 0.837891 0.0828446 0.0481771 0.635307
3 0.940982 0.916016 0.0857771 0.139323 0.741796
4 0.858504 0.0540365 0.151026 0.0716146 0.837861
2 0.211877 0.542969 0.274194 0.0494792 0.838775
2 0.629032 0.410156 0.549853 0.166667 0.857524
2 0.214443 0.409505 0.266129 0.165365 0.863138
1 0.168255 0.282552 0.194282 0.0625 0.865277
0 0.0934751 0.0729167 0.110704 0.0859375 0.927948
3 0.190249 0.739583 0.251466 0.328125 0.958103
2 0.418255 0.20638 0.694282 0.0559896 0.607817
6 0.561217 0.837891 0.0828446 0.0481771 0.635307
3 0.940982 0.916016 0.0857771 0.139323 0.741796
4 0.858504 0.0540365 0.151026 0.0716146 0.837861
2 0.211877 0.542969 0.274194 0.0494792 0.838775
2 0.629032 0.410156 0.549853 0.166667 0.857524
2 0.214443 0.409505 0.266129 0.165365 0.863138
1 0.168255 0.282552 0.194282 0.0625 0.865277
0 0.0934751 0.0729167 0.110704 0.0859375 0.927948
3 0.190249 0.739583 0.251466 0.328125 0.958103
2 0.418255 0.20638 0.694282 0.0559896 0.607817
6 0.561217 0.837891 0.0828446 0.0481771 0.635307
3 0.940982 0.916016 0.0857771 0.139323 0.741796
4 0.858504 0.0540365 0.151026 0.0716146 0.837861
2 0.211877 0.542969 0.274194 0.0494792 0.838775
2 0.629032 0.410156 0.549853 0.166667 0.857524
2 0.214443 0.409505 0.266129 0.165365 0.863138
1 0.168255 0.282552 0.194282 0.0625 0.865277
0 0.0934751 0.0729167 0.110704 0.0859375 0.927948
3 0.190249 0.739583 0.251466 0.328125 0.958103
2 0.418255 0.20638 0.694282 0.0559896 0.607817
6 0.561217 0.837891 0.0828446 0.0481771 0.635307
3 0.940982 0.916016 0.0857771 0.139323 0.741796
4 0.858504 0.0540365 0.151026 0.0716146 0.837861
2 0.211877 0.542969 0.274194 0.0494792 0.838775
2 0.629032 0.410156 0.549853 0.166667 0.857524
2 0.214443 0.409505 0.266129 0.165365 0.863138
1 0.168255 0.282552 0.194282 0.0625 0.865277
0 0.0934751 0.0729167 0.110704 0.0859375 0.927948
3 0.190249 0.739583 0.251466 0.328125 0.958103
2 0.418255 0.20638 0.694282 0.0559896 0.607817
6 0.561217 0.837891 0.0828446 0.0481771 0.635307
3 0.940982 0.916016 0.0857771 0.139323 0.741796
4 0.858504 0.0540365 0.151026 0.0716146 0.837861
2 0.211877 0.542969 0.274194 0.0494792 0.838775
2 0.629032 0.410156 0.549853 0.166667 0.857524
2 0.214443 0.409505 0.266129 0.165365 0.863138
1 0.168255 0.282552 0.194282 0.0625 0.865277
0 0.0934751 0.0729167 0.110704 0.0859375 0.927948
3 0.190249 0.739583 0.251466 0.328125 0.958103
2 0.418255 0.20638 0.694282 0.0559896 0.607817
6 0.561217 0.837891 0.0828446 0.0481771 0.635307
3 0.940982 0.916016 0.0857771 0.139323 0.741796
4 0.858504 0.0540365 0.151026 0.0716146 0.837861
2 0.211877 0.542969 0.274194 0.0494792 0.838775
2 0.629032 0.410156 0.549853 0.166667 0.857524
2 0.214443 0.409505 0.266129 0.165365 0.863138
1 0.168255 0.282552 0.194282 0.0625 0.865277
0 0.0934751 0.0729167 0.110704 0.0859375 0.927948
3 0.190249 0.739583 0.251466 0.328125 0.958103
2 0.418255 0.20638 0.694282 0.0559896 0.607817
6 0.561217 0.837891 0.0828446 0.0481771 0.635307
3 0.940982 0.916016 0.0857771 0.139323 0.741796
4 0.858504 0.0540365 0.151026 0.0716146 0.837861
2 0.211877 0.542969 0.274194 0.0494792 0.838775
2 0.629032 0.410156 0.549853 0.166667 0.857524
2 0.214443 0.409505 0.266129 0.165365 0.863138
1 0.168255 0.282552 0.194282 0.0625 0.865277
0 0.0934751 0.0729167 0.110704 0.0859375 0.927948
3 0.190249 0.739583 0.251466 0.328125 0.958103
2 0.418255 0.20638 0.694282 0.0559896 0.607817
6 0.561217 0.837891 0.0828446 0.0481771 0.635307
3 0.940982 0.916016 0.0857771 0.139323 0.741796
4 0.858504 0.0540365 0.151026 0.0716146 0.837861
2 0.211877 0.542969 0.274194 0.0494792 0.838775
2 0.629032 0.410156 0.549853 0.166667 0.857524
2 0.214443 0.409505 0.266129 0.165365 0.863138
1 0.168255 0.282552 0.194282 0.0625 0.865277
0 0.0934751 0.0729167 0.110704 0.0859375 0.927948
3 0.190249 0.739583 0.251466 0.328125 0.958103
2 0.418255 0.20638 0.694282 0.0559896 0.607817
6 0.561217 0.837891 0.0828446 0.0481771 0.635307
3 0.940982 0.916016 0.0857771 0.139323 0.741796
4 0.858504 0.0540365 0.151026 0.0716146 0.837861
2 0.211877 0.542969 0.274194 0.0494792 0.838775
2 0.629032 0.410156 0.549853 0.166667 0.857524
2 0.214443 0.409505 0.266129 0.165365 0.863138
1 0.168255 0.282552 0.194282 0.0625 0.865277
0 0.0934751 0.0729167 0.110704 0.0859375 0.927948
3 0.190249 0.739583 0.251466 0.328125 0.958103
2 0.418255 0.20638 0.694282 0.0559896 0.607817
6 0.561217 0.837891 0.0828446 0.0481771 0.635307
3 0.940982 0.916016 0.0857771 0.139323 0.741796
4 0.858504 0.0540365 0.151026 0.0716146 0.837861
2 0.211877 0.542969 0.274194 0.0494792 0.838775
2 0.629032 0.410156 0.549853 0.166667 0.857524
2 0.214443 0.409505 0.266129 0.165365 0.863138
1 0.168255 0.282552 0.194282 0.0625 0.865277
0 0.0934751 0.0729167 0.110704 0.0859375 0.927948
3 0.190249 0.739583 0.251466 0.328125 0.958103
2 0.418255 0.20638 0.694282 0.0559896 0.607817
6 0.561217 0.837891 0.0828446 0.0481771 0.635307
3 0.940982 0.916016 0.0857771 0.139323 0.741796
4 0.858504 0.0540365 0.151026 0.0716146 0.837861
2 0.211877 0.542969 0.274194 0.0494792 0.838775
2 0.629032 0.410156 0.549853 0.166667 0.857524
2 0.214443 0.409505 0.266129 0.165365 0.863138
1 0.168255 0.282552 0.194282 0.0625 0.865277
0 0.0934751 0.0729167 0.110704 0.0859375 0.927948
3 0.190249 0.739583 0.251466 0.328125 0.958103
2 0.418255 0.20638 0.694282 0.0559896 0.607817
6 0.561217 0.837891 0.0828446 0.0481771 0.635307
3 0.940982 0.916016 0.0857771 0.139323 0.741796
4 0.858504 0.0540365 0.151026 0.0716146 0.837861
2 0.211877 0.542969 0.274194 0.0494792 0.838775
2 0.629032 0.410156 0.549853 0.166667 0.857524
2 0.214443 0.409505 0.266129 0.165365 0.863138
1 0.168255 0.282552 0.194282 0.0625 0.865277
0 0.0934751 0.0729167 0.110704 0.0859375 0.927948
3 0.190249 0.739583 0.251466 0.328125 0.958103
2 0.418255 0.20638 0.694282 0.0559896 0.607817
6 0.561217 0.837891 0.0828446 0.0481771 0.635307
3 0.940982 0.916016 0.0857771 0.139323 0.741796
4 0.858504 0.0540365 0.151026 0.0716146 0.837861
2 0.211877 0.542969 0.274194 0.0494792 0.838775
2 0.629032 0.410156 0.549853 0.166667 0.857524
2 0.214443 0.409505 0.266129 0.165365 0.863138
1 0.168255 0.282552 0.194282 0.0625 0.865277
0 0.0934751 0.0729167 0.110704 0.0859375 0.927948
3 0.190249 0.739583 0.251466 0.328125 0.958103
2 0.418255 0.20638 0.694282 0.0559896 0.607817
6 0.561217 0.837891 0.0828446 0.0481771 0.635307
3 0.940982 0.916016 0.0857771 0.139323 0.741796
4 0.858504 0.0540365 0.151026 0.0716146 0.837861
2 0.211877 0.542969 0.274194 0.0494792 0.838775
2 0.629032 0.410156 0.549853 0.166667 0.857524
2 0.214443 0.409505 0.266129 0.165365 0.863138
1 0.168255 0.282552 0.194282 0.0625 0.865277
0 0.0934751 0.0729167 0.110704 0.0859375 0.927948
3 0.190249 0.739583 0.251466 0.328125 0.958103
2 0.418255 0.20638 0.694282 0.0559896 0.607817
6 0.561217 0.837891 0.0828446 0.0481771 0.635307
3 0.940982 0.916016 0.0857771 0.139323 0.741796
4 0.858504 0.0540365 0.151026 0.0716146 0.837861
2 0.211877 0.542969 0.274194 0.0494792 0.838775
2 0.629032 0.410156 0.549853 0.166667 0.857524
2 0.214443 0.409505 0.266129 0.165365 0.863138
1 0.168255 0.282552 0.194282 0.0625 0.865277
0 0.0934751 0.0729167 0.110704 0.0859375 0.927948
3 0.190249 0.739583 0.251466 0.328125 0.958103
2 0.418255 0.20638 0.694282 0.0559896 0.607817
6 0.561217 0.837891 0.0828446 0.0481771 0.635307
3 0.940982 0.916016 0.0857771 0.139323 0.741796
4 0.858504 0.0540365 0.151026 0.0716146 0.837861
2 0.211877 0.542969 0.274194 0.0494792 0.838775
2 0.629032 0.410156 0.549853 0.166667 0.857524
2 0.214443 0.409505 0.266129 0.165365 0.863138
1 0.168255 0.282552 0.194282 0.0625 0.865277
0 0.0934751 0.0729167 0.110704 0.0859375 0.927948
3 0.190249 0.739583 0.251466 0.328125 0.958103
