3 0.942815 0.917318 0.0835777 0.136719 0.803485
2 0.291056 0.36849 0.429619 0.190104 0.825315
4 0.858871 0.0553385 0.147361 0.0664062 0.854985
2 0.212243 0.539714 0.277859 0.0507812 0.856675
2 0.254032 0.203776 0.358504 0.0507812 0.864379
0 0.0931085 0.0729167 0.109971 0.0859375 0.924229
3 0.293255 0.648438 0.434018 0.143229 0.929223
3 0.756232 0.491536 0.487537 0.717448 0.942477
3 0.942815 0.917318 0.0835777 0.136719 0.803485
2 0.291056 0.36849 0.429619 0.190104 0.825315
4 0.858871 0.0553385 0.147361 0.0664062 0.854985
2 0.212243 0.539714 0.277859 0.0507812 0.856675
2 0.254032 0.203776 0.358504 0.0507812 0.864379
0 0.0931085 0.0729167 0.109971 0.0859375 0.924229
3 0.293255 0.648438 0.434018 0.143229 0.929223
3 0.756232 0.491536 0.487537 0.717448 0.942477
3 0.942815 0.917318 0.0835777 0.136719 0.803485
2 0.291056 0.36849 0.429619 0.190104 0.825315
4 0.858871 0.0553385 0.147361 0.0664062 0.854985
2 0.212243 0.539714 0.277859 0.0507812 0.856675
2 0.254032 0.203776 0.358504 0.0507812 0.864379
0 0.0931085 0.0729167 0.109971 0.0859375 0.924229
3 0.293255 0.648438 0.434018 0.143229 0.929223
3 0.756232 0.491536 0.487537 0.717448 0.942477
3 0.942815 0.917318 0.0835777 0.136719 0.803485
2 0.291056 0.36849 0.429619 0.190104 0.825315
4 0.858871 0.0553385 0.147361 0.0664062 0.854985
2 0.212243 0.539714 0.277859 0.0507812 0.856675
2 0.254032 0.203776 0.358504 0.0507812 0.864379
0 0.0931085 0.0729167 0.109971 0.0859375 0.924229
3 0.293255 0.648438 0.434018 0.143229 0.929223
3 0.756232 0.491536 0.487537 0.717448 0.942477
3 0.942815 0.917318 0.0835777 0.136719 0.803485
2 0.291056 0.36849 0.429619 0.190104 0.825315
4 0.858871 0.0553385 0.147361 0.0664062 0.854985
2 0.212243 0.539714 0.277859 0.0507812 0.856675
2 0.254032 0.203776 0.358504 0.0507812 0.864379
0 0.0931085 0.0729167 0.109971 0.0859375 0.924229
3 0.293255 0.648438 0.434018 0.143229 0.929223
3 0.756232 0.491536 0.487537 0.717448 0.942477
3 0.942815 0.917318 0.0835777 0.136719 0.803485
2 0.291056 0.36849 0.429619 0.190104 0.825315
4 0.858871 0.0553385 0.147361 0.0664062 0.854985
2 0.212243 0.539714 0.277859 0.0507812 0.856675
2 0.254032 0.203776 0.358504 0.0507812 0.864379
0 0.0931085 0.0729167 0.109971 0.0859375 0.924229
3 0.293255 0.648438 0.434018 0.143229 0.929223
3 0.756232 0.491536 0.487537 0.717448 0.942477
3 0.942815 0.917318 0.0835777 0.136719 0.803485
2 0.291056 0.36849 0.429619 0.190104 0.825315
4 0.858871 0.0553385 0.147361 0.0664062 0.854985
2 0.212243 0.539714 0.277859 0.0507812 0.856675
2 0.254032 0.203776 0.358504 0.0507812 0.864379
0 0.0931085 0.0729167 0.109971 0.0859375 0.924229
3 0.293255 0.648438 0.434018 0.143229 0.929223
3 0.756232 0.491536 0.487537 0.717448 0.942477
3 0.942815 0.917318 0.0835777 0.136719 0.803485
2 0.291056 0.36849 0.429619 0.190104 0.825315
4 0.858871 0.0553385 0.147361 0.0664062 0.854985
2 0.212243 0.539714 0.277859 0.0507812 0.856675
2 0.254032 0.203776 0.358504 0.0507812 0.864379
0 0.0931085 0.0729167 0.109971 0.0859375 0.924229
3 0.293255 0.648438 0.434018 0.143229 0.929223
3 0.756232 0.491536 0.487537 0.717448 0.942477
3 0.942815 0.917318 0.0835777 0.136719 0.803485
2 0.291056 0.36849 0.429619 0.190104 0.825315
4 0.858871 0.0553385 0.147361 0.0664062 0.854985
2 0.212243 0.539714 0.277859 0.0507812 0.856675
2 0.254032 0.203776 0.358504 0.0507812 0.864379
0 0.0931085 0.0729167 0.109971 0.0859375 0.924229
3 0.293255 0.648438 0.434018 0.143229 0.929223
3 0.756232 0.491536 0.487537 0.717448 0.942477
3 0.942815 0.917318 0.0835777 0.136719 0.803485
2 0.291056 0.36849 0.429619 0.190104 0.825315
4 0.858871 0.0553385 0.147361 0.0664062 0.854985
2 0.212243 0.539714 0.277859 0.0507812 0.856675
2 0.254032 0.203776 0.358504 0.0507812 0.864379
0 0.0931085 0.0729167 0.109971 0.0859375 0.924229
3 0.293255 0.648438 0.434018 0.143229 0.929223
3 0.756232 0.491536 0.487537 0.717448 0.942477
3 0.942815 0.917318 0.0835777 0.136719 0.803485
2 0.291056 0.36849 0.429619 0.190104 0.825315
4 0.858871 0.0553385 0.147361 0.0664062 0.854985
2 0.212243 0.539714 0.277859 0.0507812 0.856675
2 0.254032 0.203776 0.358504 0.0507812 0.864379
0 0.0931085 0.0729167 0.109971 0.0859375 0.924229
3 0.293255 0.648438 0.434018 0.143229 0.929223
3 0.756232 0.491536 0.487537 0.717448 0.942477
3 0.942815 0.917318 0.0835777 0.136719 0.803485
2 0.291056 0.36849 0.429619 0.190104 0.825315
4 0.858871 0.0553385 0.147361 0.0664062 0.854985
2 0.212243 0.539714 0.277859 0.0507812 0.856675
2 0.254032 0.203776 0.358504 0.0507812 0.864379
0 0.0931085 0.0729167 0.109971 0.0859375 0.924229
3 0.293255 0.648438 0.434018 0.143229 0.929223
3 0.756232 0.491536 0.487537 0.717448 0.942477
3 0.942815 0.917318 0.0835777 0.136719 0.803485
2 0.291056 0.36849 0.429619 0.190104 0.825315
4 0.858871 0.0553385 0.147361 0.0664062 0.854985
2 0.212243 0.539714 0.277859 0.0507812 0.856675
2 0.254032 0.203776 0.358504 0.0507812 0.864379
0 0.0931085 0.0729167 0.109971 0.0859375 0.924229
3 0.293255 0.648438 0.434018 0.143229 0.929223
3 0.756232 0.491536 0.487537 0.717448 0.942477
3 0.942815 0.917318 0.0835777 0.136719 0.803485
2 0.291056 0.36849 0.429619 0.190104 0.825315
4 0.858871 0.0553385 0.147361 0.0664062 0.854985
2 0.212243 0.539714 0.277859 0.0507812 0.856675
2 0.254032 0.203776 0.358504 0.0507812 0.864379
0 0.0931085 0.0729167 0.109971 0.0859375 0.924229
3 0.293255 0.648438 0.434018 0.143229 0.929223
3 0.756232 0.491536 0.487537 0.717448 0.942477
3 0.942815 0.917318 0.0835777 0.136719 0.803485
2 0.291056 0.36849 0.429619 0.190104 0.825315
4 0.858871 0.0553385 0.147361 0.0664062 0.854985
2 0.212243 0.539714 0.277859 0.0507812 0.856675
2 0.254032 0.203776 0.358504 0.0507812 0.864379
0 0.0931085 0.0729167 0.109971 0.0859375 0.924229
3 0.293255 0.648438 0.434018 0.143229 0.929223
3 0.756232 0.491536 0.487537 0.717448 0.942477
3 0.942815 0.917318 0.0835777 0.136719 0.803485
2 0.291056 0.36849 0.429619 0.190104 0.825315
4 0.858871 0.0553385 0.147361 0.0664062 0.854985
2 0.212243 0.539714 0.277859 0.0507812 0.856675
2 0.254032 0.203776 0.358504 0.0507812 0.864379
0 0.0931085 0.0729167 0.109971 0.0859375 0.924229
3 0.293255 0.648438 0.434018 0.143229 0.929223
3 0.756232 0.491536 0.487537 0.717448 0.942477
3 0.942815 0.917318 0.0835777 0.136719 0.803485
2 0.291056 0.36849 0.429619 0.190104 0.825315
4 0.858871 0.0553385 0.147361 0.0664062 0.854985
2 0.212243 0.539714 0.277859 0.0507812 0.856675
2 0.254032 0.203776 0.358504 0.0507812 0.864379
0 0.0931085 0.0729167 0.109971 0.0859375 0.924229
3 0.293255 0.648438 0.434018 0.143229 0.929223
3 0.756232 0.491536 0.487537 0.717448 0.942477
3 0.942815 0.917318 0.0835777 0.136719 0.803485
2 0.291056 0.36849 0.429619 0.190104 0.825315
4 0.858871 0.0553385 0.147361 0.0664062 0.854985
2 0.212243 0.539714 0.277859 0.0507812 0.856675
2 0.254032 0.203776 0.358504 0.0507812 0.864379
0 0.0931085 0.0729167 0.109971 0.0859375 0.924229
3 0.293255 0.648438 0.434018 0.143229 0.929223
3 0.756232 0.491536 0.487537 0.717448 0.942477
3 0.942815 0.917318 0.0835777 0.136719 0.803485
2 0.291056 0.36849 0.429619 0.190104 0.825315
4 0.858871 0.0553385 0.147361 0.0664062 0.854985
2 0.212243 0.539714 0.277859 0.0507812 0.856675
2 0.254032 0.203776 0.358504 0.0507812 0.864379
0 0.0931085 0.0729167 0.109971 0.0859375 0.924229
3 0.293255 0.648438 0.434018 0.143229 0.929223
3 0.756232 0.491536 0.487537 0.717448 0.942477
