3 0.0865103 0.464193 0.173021 0.897135 0.720785
2 0.435484 0.817708 0.313783 0.0677083 0.78038
3 0.315249 0.441406 0.624633 0.882812 0.792666
3 0.751466 0.778646 0.319648 0.153646 0.862732
3 0.807551 0.367839 0.384897 0.691406 0.930079
3 0.0865103 0.464193 0.173021 0.897135 0.720785
2 0.435484 0.817708 0.313783 0.0677083 0.78038
3 0.315249 0.441406 0.624633 0.882812 0.792666
3 0.751466 0.778646 0.319648 0.153646 0.862732
3 0.807551 0.367839 0.384897 0.691406 0.930079
3 0.0865103 0.464193 0.173021 0.897135 0.720785
2 0.435484 0.817708 0.313783 0.0677083 0.78038
3 0.315249 0.441406 0.624633 0.882812 0.792666
3 0.751466 0.778646 0.319648 0.153646 0.862732
3 0.807551 0.367839 0.384897 0.691406 0.930079
3 0.0865103 0.464193 0.173021 0.897135 0.720785
2 0.435484 0.817708 0.313783 0.0677083 0.78038
3 0.315249 0.441406 0.624633 0.882812 0.792666
3 0.751466 0.778646 0.319648 0.153646 0.862732
3 0.807551 0.367839 0.384897 0.691406 0.930079
3 0.0865103 0.464193 0.173021 0.897135 0.720785
2 0.435484 0.817708 0.313783 0.0677083 0.78038
3 0.315249 0.441406 0.624633 0.882812 0.792666
3 0.751466 0.778646 0.319648 0.153646 0.862732
3 0.807551 0.367839 0.384897 0.691406 0.930079
3 0.0865103 0.464193 0.173021 0.897135 0.720785
2 0.435484 0.817708 0.313783 0.0677083 0.78038
3 0.315249 0.441406 0.624633 0.882812 0.792666
3 0.751466 0.778646 0.319648 0.153646 0.862732
3 0.807551 0.367839 0.384897 0.691406 0.930079
3 0.0865103 0.464193 0.173021 0.897135 0.720785
2 0.435484 0.817708 0.313783 0.0677083 0.78038
3 0.315249 0.441406 0.624633 0.882812 0.792666
3 0.751466 0.778646 0.319648 0.153646 0.862732
3 0.807551 0.367839 0.384897 0.691406 0.930079
3 0.0865103 0.464193 0.173021 0.897135 0.720785
2 0.435484 0.817708 0.313783 0.0677083 0.78038
3 0.315249 0.441406 0.624633 0.882812 0.792666
3 0.751466 0.778646 0.319648 0.153646 0.862732
3 0.807551 0.367839 0.384897 0.691406 0.930079
3 0.0865103 0.464193 0.173021 0.897135 0.720785
2 0.435484 0.817708 0.313783 0.0677083 0.78038
3 0.315249 0.441406 0.624633 0.882812 0.792666
3 0.751466 0.778646 0.319648 0.153646 0.862732
3 0.807551 0.367839 0.384897 0.691406 0.930079
3 0.0865103 0.464193 0.173021 0.897135 0.720785
2 0.435484 0.817708 0.313783 0.0677083 0.78038
3 0.315249 0.441406 0.624633 0.882812 0.792666
3 0.751466 0.778646 0.319648 0.153646 0.862732
3 0.807551 0.367839 0.384897 0.691406 0.930079
3 0.0865103 0.464193 0.173021 0.897135 0.720785
2 0.435484 0.817708 0.313783 0.0677083 0.78038
3 0.315249 0.441406 0.624633 0.882812 0.792666
3 0.751466 0.778646 0.319648 0.153646 0.862732
3 0.807551 0.367839 0.384897 0.691406 0.930079
3 0.0865103 0.464193 0.173021 0.897135 0.720785
2 0.435484 0.817708 0.313783 0.0677083 0.78038
3 0.315249 0.441406 0.624633 0.882812 0.792666
3 0.751466 0.778646 0.319648 0.153646 0.862732
3 0.807551 0.367839 0.384897 0.691406 0.930079
3 0.0865103 0.464193 0.173021 0.897135 0.720785
2 0.435484 0.817708 0.313783 0.0677083 0.78038
3 0.315249 0.441406 0.624633 0.882812 0.792666
3 0.751466 0.778646 0.319648 0.153646 0.862732
3 0.807551 0.367839 0.384897 0.691406 0.930079
3 0.0865103 0.464193 0.173021 0.897135 0.720785
2 0.435484 0.817708 0.313783 0.0677083 0.78038
3 0.315249 0.441406 0.624633 0.882812 0.792666
3 0.751466 0.778646 0.319648 0.153646 0.862732
3 0.807551 0.367839 0.384897 0.691406 0.930079
3 0.0865103 0.464193 0.173021 0.897135 0.720785
2 0.435484 0.817708 0.313783 0.0677083 0.78038
3 0.315249 0.441406 0.624633 0.882812 0.792666
3 0.751466 0.778646 0.319648 0.153646 0.862732
3 0.807551 0.367839 0.384897 0.691406 0.930079
3 0.0865103 0.464193 0.173021 0.897135 0.720785
2 0.435484 0.817708 0.313783 0.0677083 0.78038
3 0.315249 0.441406 0.624633 0.882812 0.792666
3 0.751466 0.778646 0.319648 0.153646 0.862732
3 0.807551 0.367839 0.384897 0.691406 0.930079
3 0.0865103 0.464193 0.173021 0.897135 0.720785
2 0.435484 0.817708 0.313783 0.0677083 0.78038
3 0.315249 0.441406 0.624633 0.882812 0.792666
3 0.751466 0.778646 0.319648 0.153646 0.862732
3 0.807551 0.367839 0.384897 0.691406 0.930079
3 0.0865103 0.464193 0.173021 0.897135 0.720785
2 0.435484 0.817708 0.313783 0.0677083 0.78038
3 0.315249 0.441406 0.624633 0.882812 0.792666
3 0.751466 0.778646 0.319648 0.153646 0.862732
3 0.807551 0.367839 0.384897 0.691406 0.930079
3 0.0865103 0.464193 0.173021 0.897135 0.720785
2 0.435484 0.817708 0.313783 0.0677083 0.78038
3 0.315249 0.441406 0.624633 0.882812 0.792666
3 0.751466 0.778646 0.319648 0.153646 0.862732
3 0.807551 0.367839 0.384897 0.691406 0.930079
