6 0.519062 0.552734 0.0747801 0.0507812 0.700189
3 0.941349 0.916667 0.0894428 0.143229 0.733061
2 0.489736 0.229167 0.832845 0.117188 0.833915
4 0.857038 0.0533854 0.134897 0.0703125 0.841425
2 0.209311 0.478516 0.269062 0.0429688 0.850049
3 0.693915 0.64388 0.184018 0.175781 0.924093
0 0.0931085 0.0722656 0.109971 0.0872396 0.933228
3 0.238636 0.746745 0.329179 0.477865 0.954167
6 0.519062 0.552734 0.0747801 0.0507812 0.700189
3 0.941349 0.916667 0.0894428 0.143229 0.733061
2 0.489736 0.229167 0.832845 0.117188 0.833915
4 0.857038 0.0533854 0.134897 0.0703125 0.841425
2 0.209311 0.478516 0.269062 0.0429688 0.850049
3 0.693915 0.64388 0.184018 0.175781 0.924093
0 0.0931085 0.0722656 0.109971 0.0872396 0.933228
3 0.238636 0.746745 0.329179 0.477865 0.954167
6 0.519062 0.552734 0.0747801 0.0507812 0.700189
3 0.941349 0.916667 0.0894428 0.143229 0.733061
2 0.489736 0.229167 0.832845 0.117188 0.833915
4 0.857038 0.0533854 0.134897 0.0703125 0.841425
2 0.209311 0.478516 0.269062 0.0429688 0.850049
3 0.693915 0.64388 0.184018 0.175781 0.924093
0 0.0931085 0.0722656 0.109971 0.0872396 0.933228
3 0.238636 0.746745 0.329179 0.477865 0.954167
6 0.519062 0.552734 0.0747801 0.0507812 0.700189
3 0.941349 0.916667 0.0894428 0.143229 0.733061
2 0.489736 0.229167 0.832845 0.117188 0.833915
4 0.857038 0.0533854 0.134897 0.0703125 0.841425
2 0.209311 0.478516 0.269062 0.0429688 0.850049
3 0.693915 0.64388 0.184018 0.175781 0.924093
0 0.0931085 0.0722656 0.109971 0.0872396 0.933228
3 0.238636 0.746745 0.329179 0.477865 0.954167
6 0.519062 0.552734 0.0747801 0.0507812 0.700189
3 0.941349 0.916667 0.0894428 0.143229 0.733061
2 0.489736 0.229167 0.832845 0.117188 0.833915
4 0.857038 0.0533854 0.134897 0.0703125 0.841425
2 0.209311 0.478516 0.269062 0.0429688 0.850049
3 0.693915 0.64388 0.184018 0.175781 0.924093
0 0.0931085 0.0722656 0.109971 0.0872396 0.933228
3 0.238636 0.746745 0.329179 0.477865 0.954167
6 0.519062 0.552734 0.0747801 0.0507812 0.700189
3 0.941349 0.916667 0.0894428 0.143229 0.733061
2 0.489736 0.229167 0.832845 0.117188 0.833915
4 0.857038 0.0533854 0.134897 0.0703125 0.841425
2 0.209311 0.478516 0.269062 0.0429688 0.850049
3 0.693915 0.64388 0.184018 0.175781 0.924093
0 0.0931085 0.0722656 0.109971 0.0872396 0.933228
3 0.238636 0.746745 0.329179 0.477865 0.954167
6 0.519062 0.552734 0.0747801 0.0507812 0.700189
3 0.941349 0.916667 0.0894428 0.143229 0.733061
2 0.489736 0.229167 0.832845 0.117188 0.833915
4 0.857038 0.0533854 0.134897 0.0703125 0.841425
2 0.209311 0.478516 0.269062 0.0429688 0.850049
3 0.693915 0.64388 0.184018 0.175781 0.924093
0 0.0931085 0.0722656 0.109971 0.0872396 0.933228
3 0.238636 0.746745 0.329179 0.477865 0.954167
6 0.519062 0.552734 0.0747801 0.0507812 0.700189
3 0.941349 0.916667 0.0894428 0.143229 0.733061
2 0.489736 0.229167 0.832845 0.117188 0.833915
4 0.857038 0.0533854 0.134897 0.0703125 0.841425
2 0.209311 0.478516 0.269062 0.0429688 0.850049
3 0.693915 0.64388 0.184018 0.175781 0.924093
0 0.0931085 0.0722656 0.109971 0.0872396 0.933228
3 0.238636 0.746745 0.329179 0.477865 0.954167
6 0.519062 0.552734 0.0747801 0.0507812 0.700189
3 0.941349 0.916667 0.0894428 0.143229 0.733061
2 0.489736 0.229167 0.832845 0.117188 0.833915
4 0.857038 0.0533854 0.134897 0.0703125 0.841425
2 0.209311 0.478516 0.269062 0.0429688 0.850049
3 0.693915 0.64388 0.184018 0.175781 0.924093
0 0.0931085 0.0722656 0.109971 0.0872396 0.933228
3 0.238636 0.746745 0.329179 0.477865 0.954167
6 0.519062 0.552734 0.0747801 0.0507812 0.700189
3 0.941349 0.916667 0.0894428 0.143229 0.733061
2 0.489736 0.229167 0.832845 0.117188 0.833915
4 0.857038 0.0533854 0.134897 0.0703125 0.841425
2 0.209311 0.478516 0.269062 0.0429688 0.850049
3 0.693915 0.64388 0.184018 0.175781 0.924093
0 0.0931085 0.0722656 0.109971 0.0872396 0.933228
3 0.238636 0.746745 0.329179 0.477865 0.954167
6 0.519062 0.552734 0.0747801 0.0507812 0.700189
3 0.941349 0.916667 0.0894428 0.143229 0.733061
2 0.489736 0.229167 0.832845 0.117188 0.833915
4 0.857038 0.0533854 0.134897 0.0703125 0.841425
2 0.209311 0.478516 0.269062 0.0429688 0.850049
3 0.693915 0.64388 0.184018 0.175781 0.924093
0 0.0931085 0.0722656 0.109971 0.0872396 0.933228
3 0.238636 0.746745 0.329179 0.477865 0.954167
6 0.519062 0.552734 0.0747801 0.0507812 0.700189
3 0.941349 0.916667 0.0894428 0.143229 0.733061
2 0.489736 0.229167 0.832845 0.117188 0.833915
4 0.857038 0.0533854 0.134897 0.0703125 0.841425
2 0.209311 0.478516 0.269062 0.0429688 0.850049
3 0.693915 0.64388 0.184018 0.175781 0.924093
0 0.0931085 0.0722656 0.109971 0.0872396 0.933228
3 0.238636 0.746745 0.329179 0.477865 0.954167
6 0.519062 0.552734 0.0747801 0.0507812 0.700189
3 0.941349 0.916667 0.0894428 0.143229 0.733061
2 0.489736 0.229167 0.832845 0.117188 0.833915
4 0.857038 0.0533854 0.134897 0.0703125 0.841425
2 0.209311 0.478516 0.269062 0.0429688 0.850049
3 0.693915 0.64388 0.184018 0.175781 0.924093
0 0.0931085 0.0722656 0.109971 0.0872396 0.933228
3 0.238636 0.746745 0.329179 0.477865 0.954167
6 0.519062 0.552734 0.0747801 0.0507812 0.700189
3 0.941349 0.916667 0.0894428 0.143229 0.733061
2 0.489736 0.229167 0.832845 0.117188 0.833915
4 0.857038 0.0533854 0.134897 0.0703125 0.841425
2 0.209311 0.478516 0.269062 0.0429688 0.850049
3 0.693915 0.64388 0.184018 0.175781 0.924093
0 0.0931085 0.0722656 0.109971 0.0872396 0.933228
3 0.238636 0.746745 0.329179 0.477865 0.954167
6 0.519062 0.552734 0.0747801 0.0507812 0.700189
3 0.941349 0.916667 0.0894428 0.143229 0.733061
2 0.489736 0.229167 0.832845 0.117188 0.833915
4 0.857038 0.0533854 0.134897 0.0703125 0.841425
2 0.209311 0.478516 0.269062 0.0429688 0.850049
3 0.693915 0.64388 0.184018 0.175781 0.924093
0 0.0931085 0.0722656 0.109971 0.0872396 0.933228
3 0.238636 0.746745 0.329179 0.477865 0.954167
6 0.519062 0.552734 0.0747801 0.0507812 0.700189
3 0.941349 0.916667 0.0894428 0.143229 0.733061
2 0.489736 0.229167 0.832845 0.117188 0.833915
4 0.857038 0.0533854 0.134897 0.0703125 0.841425
2 0.209311 0.478516 0.269062 0.0429688 0.850049
3 0.693915 0.64388 0.184018 0.175781 0.924093
0 0.0931085 0.0722656 0.109971 0.0872396 0.933228
3 0.238636 0.746745 0.329179 0.477865 0.954167
6 0.519062 0.552734 0.0747801 0.0507812 0.700189
3 0.941349 0.916667 0.0894428 0.143229 0.733061
2 0.489736 0.229167 0.832845 0.117188 0.833915
4 0.857038 0.0533854 0.134897 0.0703125 0.841425
2 0.209311 0.478516 0.269062 0.0429688 0.850049
3 0.693915 0.64388 0.184018 0.175781 0.924093
0 0.0931085 0.0722656 0.109971 0.0872396 0.933228
3 0.238636 0.746745 0.329179 0.477865 0.954167
6 0.519062 0.552734 0.0747801 0.0507812 0.700189
3 0.941349 0.916667 0.0894428 0.143229 0.733061
2 0.489736 0.229167 0.832845 0.117188 0.833915
4 0.857038 0.0533854 0.134897 0.0703125 0.841425
2 0.209311 0.478516 0.269062 0.0429688 0.850049
3 0.693915 0.64388 0.184018 0.175781 0.924093
0 0.0931085 0.0722656 0.109971 0.0872396 0.933228
3 0.238636 0.746745 0.329179 0.477865 0.954167
6 0.519062 0.552734 0.0747801 0.0507812 0.700189
3 0.941349 0.916667 0.0894428 0.143229 0.733061
2 0.489736 0.229167 0.832845 0.117188 0.833915
4 0.857038 0.0533854 0.134897 0.0703125 0.841425
2 0.209311 0.478516 0.269062 0.0429688 0.850049
3 0.693915 0.64388 0.184018 0.175781 0.924093
0 0.0931085 0.0722656 0.109971 0.0872396 0.933228
3 0.238636 0.746745 0.329179 0.477865 0.954167
