3 0.501466 0.966797 0.997067 0.0664062 0.701966
3 0.501466 0.966797 0.997067 0.0664062 0.701966
3 0.501466 0.966797 0.997067 0.0664062 0.701966
3 0.501466 0.966797 0.997067 0.0664062 0.701966
3 0.501466 0.966797 0.997067 0.0664062 0.701966
3 0.501466 0.966797 0.997067 0.0664062 0.701966
3 0.501466 0.966797 0.997067 0.0664062 0.701966
3 0.501466 0.966797 0.997067 0.0664062 0.701966
3 0.501466 0.966797 0.997067 0.0664062 0.701966
3 0.501466 0.966797 0.997067 0.0664062 0.701966
3 0.501466 0.966797 0.997067 0.0664062 0.701966
3 0.501466 0.966797 0.997067 0.0664062 0.701966
3 0.501466 0.966797 0.997067 0.0664062 0.701966
3 0.501466 0.966797 0.997067 0.0664062 0.701966
3 0.501466 0.966797 0.997067 0.0664062 0.701966
3 0.501466 0.966797 0.997067 0.0664062 0.701966
3 0.501466 0.966797 0.997067 0.0664062 0.701966
3 0.501466 0.966797 0.997067 0.0664062 0.701966
3 0.501466 0.966797 0.997067 0.0664062 0.701966
