3 0.942449 0.917318 0.0843109 0.134115 0.791845
2 0.421554 0.408203 0.139296 0.160156 0.806594
2 0.284457 0.204427 0.412023 0.0572917 0.845475
2 0.211144 0.542318 0.272727 0.0481771 0.847902
4 0.858871 0.0553385 0.148827 0.0664062 0.859388
2 0.285557 0.408203 0.414223 0.160156 0.861997
1 0.168255 0.282552 0.192815 0.0625 0.866313
0 0.0934751 0.0729167 0.110704 0.0859375 0.927745
3 0.746334 0.480469 0.507331 0.6875 0.937427
3 0.190249 0.740234 0.251466 0.326823 0.959964
3 0.942449 0.917318 0.0843109 0.134115 0.791845
2 0.421554 0.408203 0.139296 0.160156 0.806594
2 0.284457 0.204427 0.412023 0.0572917 0.845475
2 0.211144 0.542318 0.272727 0.0481771 0.847902
4 0.858871 0.0553385 0.148827 0.0664062 0.859388
2 0.285557 0.408203 0.414223 0.160156 0.861997
1 0.168255 0.282552 0.192815 0.0625 0.866313
0 0.0934751 0.0729167 0.110704 0.0859375 0.927745
3 0.746334 0.480469 0.507331 0.6875 0.937427
3 0.190249 0.740234 0.251466 0.326823 0.959964
3 0.942449 0.917318 0.0843109 0.134115 0.791845
2 0.421554 0.408203 0.139296 0.160156 0.806594
2 0.284457 0.204427 0.412023 0.0572917 0.845475
2 0.211144 0.542318 0.272727 0.0481771 0.847902
4 0.858871 0.0553385 0.148827 0.0664062 0.859388
2 0.285557 0.408203 0.414223 0.160156 0.861997
1 0.168255 0.282552 0.192815 0.0625 0.866313
0 0.0934751 0.0729167 0.110704 0.0859375 0.927745
3 0.746334 0.480469 0.507331 0.6875 0.937427
3 0.190249 0.740234 0.251466 0.326823 0.959964
3 0.942449 0.917318 0.0843109 0.134115 0.791845
2 0.421554 0.408203 0.139296 0.160156 0.806594
2 0.284457 0.204427 0.412023 0.0572917 0.845475
2 0.211144 0.542318 0.272727 0.0481771 0.847902
4 0.858871 0.0553385 0.148827 0.0664062 0.859388
2 0.285557 0.408203 0.414223 0.160156 0.861997
1 0.168255 0.282552 0.192815 0.0625 0.866313
0 0.0934751 0.0729167 0.110704 0.0859375 0.927745
3 0.746334 0.480469 0.507331 0.6875 0.937427
3 0.190249 0.740234 0.251466 0.326823 0.959964
3 0.942449 0.917318 0.0843109 0.134115 0.791845
2 0.421554 0.408203 0.139296 0.160156 0.806594
2 0.284457 0.204427 0.412023 0.0572917 0.845475
2 0.211144 0.542318 0.272727 0.0481771 0.847902
4 0.858871 0.0553385 0.148827 0.0664062 0.859388
2 0.285557 0.408203 0.414223 0.160156 0.861997
1 0.168255 0.282552 0.192815 0.0625 0.866313
0 0.0934751 0.0729167 0.110704 0.0859375 0.927745
3 0.746334 0.480469 0.507331 0.6875 0.937427
3 0.190249 0.740234 0.251466 0.326823 0.959964
3 0.942449 0.917318 0.0843109 0.134115 0.791845
2 0.421554 0.408203 0.139296 0.160156 0.806594
2 0.284457 0.204427 0.412023 0.0572917 0.845475
2 0.211144 0.542318 0.272727 0.0481771 0.847902
4 0.858871 0.0553385 0.148827 0.0664062 0.859388
2 0.285557 0.408203 0.414223 0.160156 0.861997
1 0.168255 0.282552 0.192815 0.0625 0.866313
0 0.0934751 0.0729167 0.110704 0.0859375 0.927745
3 0.746334 0.480469 0.507331 0.6875 0.937427
3 0.190249 0.740234 0.251466 0.326823 0.959964
3 0.942449 0.917318 0.0843109 0.134115 0.791845
2 0.421554 0.408203 0.139296 0.160156 0.806594
2 0.284457 0.204427 0.412023 0.0572917 0.845475
2 0.211144 0.542318 0.272727 0.0481771 0.847902
4 0.858871 0.0553385 0.148827 0.0664062 0.859388
2 0.285557 0.408203 0.414223 0.160156 0.861997
1 0.168255 0.282552 0.192815 0.0625 0.866313
0 0.0934751 0.0729167 0.110704 0.0859375 0.927745
3 0.746334 0.480469 0.507331 0.6875 0.937427
3 0.190249 0.740234 0.251466 0.326823 0.959964
3 0.942449 0.917318 0.0843109 0.134115 0.791845
2 0.421554 0.408203 0.139296 0.160156 0.806594
2 0.284457 0.204427 0.412023 0.0572917 0.845475
2 0.211144 0.542318 0.272727 0.0481771 0.847902
4 0.858871 0.0553385 0.148827 0.0664062 0.859388
2 0.285557 0.408203 0.414223 0.160156 0.861997
1 0.168255 0.282552 0.192815 0.0625 0.866313
0 0.0934751 0.0729167 0.110704 0.0859375 0.927745
3 0.746334 0.480469 0.507331 0.6875 0.937427
3 0.190249 0.740234 0.251466 0.326823 0.959964
3 0.942449 0.917318 0.0843109 0.134115 0.791845
2 0.421554 0.408203 0.139296 0.160156 0.806594
2 0.284457 0.204427 0.412023 0.0572917 0.845475
2 0.211144 0.542318 0.272727 0.0481771 0.847902
4 0.858871 0.0553385 0.148827 0.0664062 0.859388
2 0.285557 0.408203 0.414223 0.160156 0.861997
1 0.168255 0.282552 0.192815 0.0625 0.866313
0 0.0934751 0.0729167 0.110704 0.0859375 0.927745
3 0.746334 0.480469 0.507331 0.6875 0.937427
3 0.190249 0.740234 0.251466 0.326823 0.959964
3 0.942449 0.917318 0.0843109 0.134115 0.791845
2 0.421554 0.408203 0.139296 0.160156 0.806594
2 0.284457 0.204427 0.412023 0.0572917 0.845475
2 0.211144 0.542318 0.272727 0.0481771 0.847902
4 0.858871 0.0553385 0.148827 0.0664062 0.859388
2 0.285557 0.408203 0.414223 0.160156 0.861997
1 0.168255 0.282552 0.192815 0.0625 0.866313
0 0.0934751 0.0729167 0.110704 0.0859375 0.927745
3 0.746334 0.480469 0.507331 0.6875 0.937427
3 0.190249 0.740234 0.251466 0.326823 0.959964
3 0.942449 0.917318 0.0843109 0.134115 0.791845
2 0.421554 0.408203 0.139296 0.160156 0.806594
2 0.284457 0.204427 0.412023 0.0572917 0.845475
2 0.211144 0.542318 0.272727 0.0481771 0.847902
4 0.858871 0.0553385 0.148827 0.0664062 0.859388
2 0.285557 0.408203 0.414223 0.160156 0.861997
1 0.168255 0.282552 0.192815 0.0625 0.866313
0 0.0934751 0.0729167 0.110704 0.0859375 0.927745
3 0.746334 0.480469 0.507331 0.6875 0.937427
3 0.190249 0.740234 0.251466 0.326823 0.959964
3 0.942449 0.917318 0.0843109 0.134115 0.791845
2 0.421554 0.408203 0.139296 0.160156 0.806594
2 0.284457 0.204427 0.412023 0.0572917 0.845475
2 0.211144 0.542318 0.272727 0.0481771 0.847902
4 0.858871 0.0553385 0.148827 0.0664062 0.859388
2 0.285557 0.408203 0.414223 0.160156 0.861997
1 0.168255 0.282552 0.192815 0.0625 0.866313
0 0.0934751 0.0729167 0.110704 0.0859375 0.927745
3 0.746334 0.480469 0.507331 0.6875 0.937427
3 0.190249 0.740234 0.251466 0.326823 0.959964
3 0.942449 0.917318 0.0843109 0.134115 0.791845
2 0.421554 0.408203 0.139296 0.160156 0.806594
2 0.284457 0.204427 0.412023 0.0572917 0.845475
2 0.211144 0.542318 0.272727 0.0481771 0.847902
4 0.858871 0.0553385 0.148827 0.0664062 0.859388
2 0.285557 0.408203 0.414223 0.160156 0.861997
1 0.168255 0.282552 0.192815 0.0625 0.866313
0 0.0934751 0.0729167 0.110704 0.0859375 0.927745
3 0.746334 0.480469 0.507331 0.6875 0.937427
3 0.190249 0.740234 0.251466 0.326823 0.959964
3 0.942449 0.917318 0.0843109 0.134115 0.791845
2 0.421554 0.408203 0.139296 0.160156 0.806594
2 0.284457 0.204427 0.412023 0.0572917 0.845475
2 0.211144 0.542318 0.272727 0.0481771 0.847902
4 0.858871 0.0553385 0.148827 0.0664062 0.859388
2 0.285557 0.408203 0.414223 0.160156 0.861997
1 0.168255 0.282552 0.192815 0.0625 0.866313
0 0.0934751 0.0729167 0.110704 0.0859375 0.927745
3 0.746334 0.480469 0.507331 0.6875 0.937427
3 0.190249 0.740234 0.251466 0.326823 0.959964
3 0.942449 0.917318 0.0843109 0.134115 0.791845
2 0.421554 0.408203 0.139296 0.160156 0.806594
2 0.284457 0.204427 0.412023 0.0572917 0.845475
2 0.211144 0.542318 0.272727 0.0481771 0.847902
4 0.858871 0.0553385 0.148827 0.0664062 0.859388
2 0.285557 0.408203 0.414223 0.160156 0.861997
1 0.168255 0.282552 0.192815 0.0625 0.866313
0 0.0934751 0.0729167 0.110704 0.0859375 0.927745
3 0.746334 0.480469 0.507331 0.6875 0.937427
3 0.190249 0.740234 0.251466 0.326823 0.959964
3 0.942449 0.917318 0.0843109 0.134115 0.791845
2 0.421554 0.408203 0.139296 0.160156 0.806594
2 0.284457 0.204427 0.412023 0.0572917 0.845475
2 0.211144 0.542318 0.272727 0.0481771 0.847902
4 0.858871 0.0553385 0.148827 0.0664062 0.859388
2 0.285557 0.408203 0.414223 0.160156 0.861997
1 0.168255 0.282552 0.192815 0.0625 0.866313
0 0.0934751 0.0729167 0.110704 0.0859375 0.927745
3 0.746334 0.480469 0.507331 0.6875 0.937427
3 0.190249 0.740234 0.251466 0.326823 0.959964
3 0.942449 0.917318 0.0843109 0.134115 0.791845
2 0.421554 0.408203 0.139296 0.160156 0.806594
2 0.284457 0.204427 0.412023 0.0572917 0.845475
2 0.211144 0.542318 0.272727 0.0481771 0.847902
4 0.858871 0.0553385 0.148827 0.0664062 0.859388
2 0.285557 0.408203 0.414223 0.160156 0.861997
1 0.168255 0.282552 0.192815 0.0625 0.866313
0 0.0934751 0.0729167 0.110704 0.0859375 0.927745
3 0.746334 0.480469 0.507331 0.6875 0.937427
3 0.190249 0.740234 0.251466 0.326823 0.959964
3 0.942449 0.917318 0.0843109 0.134115 0.791845
2 0.421554 0.408203 0.139296 0.160156 0.806594
2 0.284457 0.204427 0.412023 0.0572917 0.845475
2 0.211144 0.542318 0.272727 0.0481771 0.847902
4 0.858871 0.0553385 0.148827 0.0664062 0.859388
2 0.285557 0.408203 0.414223 0.160156 0.861997
1 0.168255 0.282552 0.192815 0.0625 0.866313
0 0.0934751 0.0729167 0.110704 0.0859375 0.927745
3 0.746334 0.480469 0.507331 0.6875 0.937427
3 0.190249 0.740234 0.251466 0.326823 0.959964
3 0.942449 0.917318 0.0843109 0.134115 0.791845
2 0.421554 0.408203 0.139296 0.160156 0.806594
2 0.284457 0.204427 0.412023 0.0572917 0.845475
2 0.211144 0.542318 0.272727 0.0481771 0.847902
4 0.858871 0.0553385 0.148827 0.0664062 0.859388
2 0.285557 0.408203 0.414223 0.160156 0.861997
1 0.168255 0.282552 0.192815 0.0625 0.866313
0 0.0934751 0.0729167 0.110704 0.0859375 0.927745
3 0.746334 0.480469 0.507331 0.6875 0.937427
3 0.190249 0.740234 0.251466 0.326823 0.959964
