2 0.289589 0.448568 0.429619 0.238281 0.651333
6 0.559751 0.838542 0.079912 0.046875 0.701715
3 0.942449 0.917318 0.0843109 0.136719 0.794577
2 0.427419 0.410807 0.153959 0.160156 0.849963
4 0.858871 0.0553385 0.147361 0.0664062 0.85638
2 0.292889 0.204427 0.428886 0.0546875 0.861183
1 0.167889 0.282552 0.193548 0.0625 0.867911
0 0.0934751 0.0722656 0.110704 0.0846354 0.927931
3 0.756598 0.472656 0.486804 0.679688 0.948102
3 0.190249 0.740885 0.252933 0.328125 0.955913
2 0.289589 0.448568 0.429619 0.238281 0.651333
6 0.559751 0.838542 0.079912 0.046875 0.701715
3 0.942449 0.917318 0.0843109 0.136719 0.794577
2 0.427419 0.410807 0.153959 0.160156 0.849963
4 0.858871 0.0553385 0.147361 0.0664062 0.85638
2 0.292889 0.204427 0.428886 0.0546875 0.861183
1 0.167889 0.282552 0.193548 0.0625 0.867911
0 0.0934751 0.0722656 0.110704 0.0846354 0.927931
3 0.756598 0.472656 0.486804 0.679688 0.948102
3 0.190249 0.740885 0.252933 0.328125 0.955913
2 0.289589 0.448568 0.429619 0.238281 0.651333
6 0.559751 0.838542 0.079912 0.046875 0.701715
3 0.942449 0.917318 0.0843109 0.136719 0.794577
2 0.427419 0.410807 0.153959 0.160156 0.849963
4 0.858871 0.0553385 0.147361 0.0664062 0.85638
2 0.292889 0.204427 0.428886 0.0546875 0.861183
1 0.167889 0.282552 0.193548 0.0625 0.867911
0 0.0934751 0.0722656 0.110704 0.0846354 0.927931
3 0.756598 0.472656 0.486804 0.679688 0.948102
3 0.190249 0.740885 0.252933 0.328125 0.955913
2 0.289589 0.448568 0.429619 0.238281 0.651333
6 0.559751 0.838542 0.079912 0.046875 0.701715
3 0.942449 0.917318 0.0843109 0.136719 0.794577
2 0.427419 0.410807 0.153959 0.160156 0.849963
4 0.858871 0.0553385 0.147361 0.0664062 0.85638
2 0.292889 0.204427 0.428886 0.0546875 0.861183
1 0.167889 0.282552 0.193548 0.0625 0.867911
0 0.0934751 0.0722656 0.110704 0.0846354 0.927931
3 0.756598 0.472656 0.486804 0.679688 0.948102
3 0.190249 0.740885 0.252933 0.328125 0.955913
2 0.289589 0.448568 0.429619 0.238281 0.651333
6 0.559751 0.838542 0.079912 0.046875 0.701715
3 0.942449 0.917318 0.0843109 0.136719 0.794577
2 0.427419 0.410807 0.153959 0.160156 0.849963
4 0.858871 0.0553385 0.147361 0.0664062 0.85638
2 0.292889 0.204427 0.428886 0.0546875 0.861183
1 0.167889 0.282552 0.193548 0.0625 0.867911
0 0.0934751 0.0722656 0.110704 0.0846354 0.927931
3 0.756598 0.472656 0.486804 0.679688 0.948102
3 0.190249 0.740885 0.252933 0.328125 0.955913
2 0.289589 0.448568 0.429619 0.238281 0.651333
6 0.559751 0.838542 0.079912 0.046875 0.701715
3 0.942449 0.917318 0.0843109 0.136719 0.794577
2 0.427419 0.410807 0.153959 0.160156 0.849963
4 0.858871 0.0553385 0.147361 0.0664062 0.85638
2 0.292889 0.204427 0.428886 0.0546875 0.861183
1 0.167889 0.282552 0.193548 0.0625 0.867911
0 0.0934751 0.0722656 0.110704 0.0846354 0.927931
3 0.756598 0.472656 0.486804 0.679688 0.948102
3 0.190249 0.740885 0.252933 0.328125 0.955913
2 0.289589 0.448568 0.429619 0.238281 0.651333
6 0.559751 0.838542 0.079912 0.046875 0.701715
3 0.942449 0.917318 0.0843109 0.136719 0.794577
2 0.427419 0.410807 0.153959 0.160156 0.849963
4 0.858871 0.0553385 0.147361 0.0664062 0.85638
2 0.292889 0.204427 0.428886 0.0546875 0.861183
1 0.167889 0.282552 0.193548 0.0625 0.867911
0 0.0934751 0.0722656 0.110704 0.0846354 0.927931
3 0.756598 0.472656 0.486804 0.679688 0.948102
3 0.190249 0.740885 0.252933 0.328125 0.955913
2 0.289589 0.448568 0.429619 0.238281 0.651333
6 0.559751 0.838542 0.079912 0.046875 0.701715
3 0.942449 0.917318 0.0843109 0.136719 0.794577
2 0.427419 0.410807 0.153959 0.160156 0.849963
4 0.858871 0.0553385 0.147361 0.0664062 0.85638
2 0.292889 0.204427 0.428886 0.0546875 0.861183
1 0.167889 0.282552 0.193548 0.0625 0.867911
0 0.0934751 0.0722656 0.110704 0.0846354 0.927931
3 0.756598 0.472656 0.486804 0.679688 0.948102
3 0.190249 0.740885 0.252933 0.328125 0.955913
2 0.289589 0.448568 0.429619 0.238281 0.651333
6 0.559751 0.838542 0.079912 0.046875 0.701715
3 0.942449 0.917318 0.0843109 0.136719 0.794577
2 0.427419 0.410807 0.153959 0.160156 0.849963
4 0.858871 0.0553385 0.147361 0.0664062 0.85638
2 0.292889 0.204427 0.428886 0.0546875 0.861183
1 0.167889 0.282552 0.193548 0.0625 0.867911
0 0.0934751 0.0722656 0.110704 0.0846354 0.927931
3 0.756598 0.472656 0.486804 0.679688 0.948102
3 0.190249 0.740885 0.252933 0.328125 0.955913
2 0.289589 0.448568 0.429619 0.238281 0.651333
6 0.559751 0.838542 0.079912 0.046875 0.701715
3 0.942449 0.917318 0.0843109 0.136719 0.794577
2 0.427419 0.410807 0.153959 0.160156 0.849963
4 0.858871 0.0553385 0.147361 0.0664062 0.85638
2 0.292889 0.204427 0.428886 0.0546875 0.861183
1 0.167889 0.282552 0.193548 0.0625 0.867911
0 0.0934751 0.0722656 0.110704 0.0846354 0.927931
3 0.756598 0.472656 0.486804 0.679688 0.948102
3 0.190249 0.740885 0.252933 0.328125 0.955913
2 0.289589 0.448568 0.429619 0.238281 0.651333
6 0.559751 0.838542 0.079912 0.046875 0.701715
3 0.942449 0.917318 0.0843109 0.136719 0.794577
2 0.427419 0.410807 0.153959 0.160156 0.849963
4 0.858871 0.0553385 0.147361 0.0664062 0.85638
2 0.292889 0.204427 0.428886 0.0546875 0.861183
1 0.167889 0.282552 0.193548 0.0625 0.867911
0 0.0934751 0.0722656 0.110704 0.0846354 0.927931
3 0.756598 0.472656 0.486804 0.679688 0.948102
3 0.190249 0.740885 0.252933 0.328125 0.955913
2 0.289589 0.448568 0.429619 0.238281 0.651333
6 0.559751 0.838542 0.079912 0.046875 0.701715
3 0.942449 0.917318 0.0843109 0.136719 0.794577
2 0.427419 0.410807 0.153959 0.160156 0.849963
4 0.858871 0.0553385 0.147361 0.0664062 0.85638
2 0.292889 0.204427 0.428886 0.0546875 0.861183
1 0.167889 0.282552 0.193548 0.0625 0.867911
0 0.0934751 0.0722656 0.110704 0.0846354 0.927931
3 0.756598 0.472656 0.486804 0.679688 0.948102
3 0.190249 0.740885 0.252933 0.328125 0.955913
2 0.289589 0.448568 0.429619 0.238281 0.651333
6 0.559751 0.838542 0.079912 0.046875 0.701715
3 0.942449 0.917318 0.0843109 0.136719 0.794577
2 0.427419 0.410807 0.153959 0.160156 0.849963
4 0.858871 0.0553385 0.147361 0.0664062 0.85638
2 0.292889 0.204427 0.428886 0.0546875 0.861183
1 0.167889 0.282552 0.193548 0.0625 0.867911
0 0.0934751 0.0722656 0.110704 0.0846354 0.927931
3 0.756598 0.472656 0.486804 0.679688 0.948102
3 0.190249 0.740885 0.252933 0.328125 0.955913
2 0.289589 0.448568 0.429619 0.238281 0.651333
6 0.559751 0.838542 0.079912 0.046875 0.701715
3 0.942449 0.917318 0.0843109 0.136719 0.794577
2 0.427419 0.410807 0.153959 0.160156 0.849963
4 0.858871 0.0553385 0.147361 0.0664062 0.85638
2 0.292889 0.204427 0.428886 0.0546875 0.861183
1 0.167889 0.282552 0.193548 0.0625 0.867911
0 0.0934751 0.0722656 0.110704 0.0846354 0.927931
3 0.756598 0.472656 0.486804 0.679688 0.948102
3 0.190249 0.740885 0.252933 0.328125 0.955913
2 0.289589 0.448568 0.429619 0.238281 0.651333
6 0.559751 0.838542 0.079912 0.046875 0.701715
3 0.942449 0.917318 0.0843109 0.136719 0.794577
2 0.427419 0.410807 0.153959 0.160156 0.849963
4 0.858871 0.0553385 0.147361 0.0664062 0.85638
2 0.292889 0.204427 0.428886 0.0546875 0.861183
1 0.167889 0.282552 0.193548 0.0625 0.867911
0 0.0934751 0.0722656 0.110704 0.0846354 0.927931
3 0.756598 0.472656 0.486804 0.679688 0.948102
3 0.190249 0.740885 0.252933 0.328125 0.955913
2 0.289589 0.448568 0.429619 0.238281 0.651333
6 0.559751 0.838542 0.079912 0.046875 0.701715
3 0.942449 0.917318 0.0843109 0.136719 0.794577
2 0.427419 0.410807 0.153959 0.160156 0.849963
4 0.858871 0.0553385 0.147361 0.0664062 0.85638
2 0.292889 0.204427 0.428886 0.0546875 0.861183
1 0.167889 0.282552 0.193548 0.0625 0.867911
0 0.0934751 0.0722656 0.110704 0.0846354 0.927931
3 0.756598 0.472656 0.486804 0.679688 0.948102
3 0.190249 0.740885 0.252933 0.328125 0.955913
2 0.289589 0.448568 0.429619 0.238281 0.651333
6 0.559751 0.838542 0.079912 0.046875 0.701715
3 0.942449 0.917318 0.0843109 0.136719 0.794577
2 0.427419 0.410807 0.153959 0.160156 0.849963
4 0.858871 0.0553385 0.147361 0.0664062 0.85638
2 0.292889 0.204427 0.428886 0.0546875 0.861183
1 0.167889 0.282552 0.193548 0.0625 0.867911
0 0.0934751 0.0722656 0.110704 0.0846354 0.927931
3 0.756598 0.472656 0.486804 0.679688 0.948102
3 0.190249 0.740885 0.252933 0.328125 0.955913
2 0.289589 0.448568 0.429619 0.238281 0.651333
6 0.559751 0.838542 0.079912 0.046875 0.701715
3 0.942449 0.917318 0.0843109 0.136719 0.794577
2 0.427419 0.410807 0.153959 0.160156 0.849963
4 0.858871 0.0553385 0.147361 0.0664062 0.85638
2 0.292889 0.204427 0.428886 0.0546875 0.861183
1 0.167889 0.282552 0.193548 0.0625 0.867911
0 0.0934751 0.0722656 0.110704 0.0846354 0.927931
3 0.756598 0.472656 0.486804 0.679688 0.948102
3 0.190249 0.740885 0.252933 0.328125 0.955913
2 0.289589 0.448568 0.429619 0.238281 0.651333
6 0.559751 0.838542 0.079912 0.046875 0.701715
3 0.942449 0.917318 0.0843109 0.136719 0.794577
2 0.427419 0.410807 0.153959 0.160156 0.849963
4 0.858871 0.0553385 0.147361 0.0664062 0.85638
2 0.292889 0.204427 0.428886 0.0546875 0.861183
1 0.167889 0.282552 0.193548 0.0625 0.867911
0 0.0934751 0.0722656 0.110704 0.0846354 0.927931
3 0.756598 0.472656 0.486804 0.679688 0.948102
3 0.190249 0.740885 0.252933 0.328125 0.955913
