6 0.518695 0.552083 0.0755132 0.0520833 0.648694
2 0.489736 0.229167 0.831378 0.117188 0.824181
4 0.857405 0.0533854 0.134164 0.0703125 0.838122
2 0.209311 0.478516 0.269062 0.0429688 0.850265
3 0.693915 0.644531 0.184018 0.177083 0.920711
0 0.0931085 0.0722656 0.109971 0.0872396 0.933003
3 0.237537 0.753255 0.328446 0.49349 0.950212
6 0.518695 0.552083 0.0755132 0.0520833 0.648694
2 0.489736 0.229167 0.831378 0.117188 0.824181
4 0.857405 0.0533854 0.134164 0.0703125 0.838122
2 0.209311 0.478516 0.269062 0.0429688 0.850265
3 0.693915 0.644531 0.184018 0.177083 0.920711
0 0.0931085 0.0722656 0.109971 0.0872396 0.933003
3 0.237537 0.753255 0.328446 0.49349 0.950212
6 0.518695 0.552083 0.0755132 0.0520833 0.648694
6 0.518695 0.552083 0.0755132 0.0520833 0.648694
2 0.489736 0.229167 0.831378 0.117188 0.824181
4 0.857405 0.0533854 0.134164 0.0703125 0.838122
2 0.209311 0.478516 0.269062 0.0429688 0.850265
3 0.693915 0.644531 0.184018 0.177083 0.920711
0 0.0931085 0.0722656 0.109971 0.0872396 0.933003
3 0.237537 0.753255 0.328446 0.49349 0.950212
6 0.518695 0.552083 0.0755132 0.0520833 0.648694
2 0.489736 0.229167 0.831378 0.117188 0.824181
4 0.857405 0.0533854 0.134164 0.0703125 0.838122
2 0.209311 0.478516 0.269062 0.0429688 0.850265
3 0.693915 0.644531 0.184018 0.177083 0.920711
0 0.0931085 0.0722656 0.109971 0.0872396 0.933003
3 0.237537 0.753255 0.328446 0.49349 0.950212
6 0.518695 0.552083 0.0755132 0.0520833 0.648694
2 0.489736 0.229167 0.831378 0.117188 0.824181
4 0.857405 0.0533854 0.134164 0.0703125 0.838122
2 0.209311 0.478516 0.269062 0.0429688 0.850265
3 0.693915 0.644531 0.184018 0.177083 0.920711
0 0.0931085 0.0722656 0.109971 0.0872396 0.933003
3 0.237537 0.753255 0.328446 0.49349 0.950212
6 0.518695 0.552083 0.0755132 0.0520833 0.648694
2 0.489736 0.229167 0.831378 0.117188 0.824181
4 0.857405 0.0533854 0.134164 0.0703125 0.838122
2 0.209311 0.478516 0.269062 0.0429688 0.850265
3 0.693915 0.644531 0.184018 0.177083 0.920711
0 0.0931085 0.0722656 0.109971 0.0872396 0.933003
3 0.237537 0.753255 0.328446 0.49349 0.950212
6 0.518695 0.552083 0.0755132 0.0520833 0.648694
2 0.489736 0.229167 0.831378 0.117188 0.824181
4 0.857405 0.0533854 0.134164 0.0703125 0.838122
2 0.209311 0.478516 0.269062 0.0429688 0.850265
3 0.693915 0.644531 0.184018 0.177083 0.920711
0 0.0931085 0.0722656 0.109971 0.0872396 0.933003
3 0.237537 0.753255 0.328446 0.49349 0.950212
6 0.518695 0.552083 0.0755132 0.0520833 0.648694
2 0.489736 0.229167 0.831378 0.117188 0.824181
4 0.857405 0.0533854 0.134164 0.0703125 0.838122
2 0.209311 0.478516 0.269062 0.0429688 0.850265
3 0.693915 0.644531 0.184018 0.177083 0.920711
0 0.0931085 0.0722656 0.109971 0.0872396 0.933003
3 0.237537 0.753255 0.328446 0.49349 0.950212
6 0.518695 0.552083 0.0755132 0.0520833 0.648694
2 0.489736 0.229167 0.831378 0.117188 0.824181
4 0.857405 0.0533854 0.134164 0.0703125 0.838122
2 0.209311 0.478516 0.269062 0.0429688 0.850265
3 0.693915 0.644531 0.184018 0.177083 0.920711
0 0.0931085 0.0722656 0.109971 0.0872396 0.933003
3 0.237537 0.753255 0.328446 0.49349 0.950212
6 0.518695 0.552083 0.0755132 0.0520833 0.648694
2 0.489736 0.229167 0.831378 0.117188 0.824181
4 0.857405 0.0533854 0.134164 0.0703125 0.838122
2 0.209311 0.478516 0.269062 0.0429688 0.850265
3 0.693915 0.644531 0.184018 0.177083 0.920711
0 0.0931085 0.0722656 0.109971 0.0872396 0.933003
3 0.237537 0.753255 0.328446 0.49349 0.950212
6 0.518695 0.552083 0.0755132 0.0520833 0.648694
2 0.489736 0.229167 0.831378 0.117188 0.824181
4 0.857405 0.0533854 0.134164 0.0703125 0.838122
2 0.209311 0.478516 0.269062 0.0429688 0.850265
3 0.693915 0.644531 0.184018 0.177083 0.920711
0 0.0931085 0.0722656 0.109971 0.0872396 0.933003
3 0.237537 0.753255 0.328446 0.49349 0.950212
6 0.518695 0.552083 0.0755132 0.0520833 0.648694
2 0.489736 0.229167 0.831378 0.117188 0.824181
4 0.857405 0.0533854 0.134164 0.0703125 0.838122
2 0.209311 0.478516 0.269062 0.0429688 0.850265
3 0.693915 0.644531 0.184018 0.177083 0.920711
0 0.0931085 0.0722656 0.109971 0.0872396 0.933003
3 0.237537 0.753255 0.328446 0.49349 0.950212
6 0.518695 0.552083 0.0755132 0.0520833 0.648694
2 0.489736 0.229167 0.831378 0.117188 0.824181
4 0.857405 0.0533854 0.134164 0.0703125 0.838122
2 0.209311 0.478516 0.269062 0.0429688 0.850265
3 0.693915 0.644531 0.184018 0.177083 0.920711
0 0.0931085 0.0722656 0.109971 0.0872396 0.933003
3 0.237537 0.753255 0.328446 0.49349 0.950212
6 0.518695 0.552083 0.0755132 0.0520833 0.648694
2 0.489736 0.229167 0.831378 0.117188 0.824181
4 0.857405 0.0533854 0.134164 0.0703125 0.838122
2 0.209311 0.478516 0.269062 0.0429688 0.850265
3 0.693915 0.644531 0.184018 0.177083 0.920711
0 0.0931085 0.0722656 0.109971 0.0872396 0.933003
3 0.237537 0.753255 0.328446 0.49349 0.950212
6 0.518695 0.552083 0.0755132 0.0520833 0.648694
2 0.489736 0.229167 0.831378 0.117188 0.824181
4 0.857405 0.0533854 0.134164 0.0703125 0.838122
2 0.209311 0.478516 0.269062 0.0429688 0.850265
3 0.693915 0.644531 0.184018 0.177083 0.920711
0 0.0931085 0.0722656 0.109971 0.0872396 0.933003
3 0.237537 0.753255 0.328446 0.49349 0.950212
6 0.518695 0.552083 0.0755132 0.0520833 0.648694
2 0.489736 0.229167 0.831378 0.117188 0.824181
4 0.857405 0.0533854 0.134164 0.0703125 0.838122
2 0.209311 0.478516 0.269062 0.0429688 0.850265
3 0.693915 0.644531 0.184018 0.177083 0.920711
0 0.0931085 0.0722656 0.109971 0.0872396 0.933003
3 0.237537 0.753255 0.328446 0.49349 0.950212
6 0.518695 0.552083 0.0755132 0.0520833 0.648694
2 0.489736 0.229167 0.831378 0.117188 0.824181
4 0.857405 0.0533854 0.134164 0.0703125 0.838122
2 0.209311 0.478516 0.269062 0.0429688 0.850265
3 0.693915 0.644531 0.184018 0.177083 0.920711
0 0.0931085 0.0722656 0.109971 0.0872396 0.933003
3 0.237537 0.753255 0.328446 0.49349 0.950212
6 0.518695 0.552083 0.0755132 0.0520833 0.648694
2 0.489736 0.229167 0.831378 0.117188 0.824181
4 0.857405 0.0533854 0.134164 0.0703125 0.838122
2 0.209311 0.478516 0.269062 0.0429688 0.850265
3 0.693915 0.644531 0.184018 0.177083 0.920711
0 0.0931085 0.0722656 0.109971 0.0872396 0.933003
3 0.237537 0.753255 0.328446 0.49349 0.950212
6 0.518695 0.552083 0.0755132 0.0520833 0.648694
2 0.489736 0.229167 0.831378 0.117188 0.824181
4 0.857405 0.0533854 0.134164 0.0703125 0.838122
2 0.209311 0.478516 0.269062 0.0429688 0.850265
3 0.693915 0.644531 0.184018 0.177083 0.920711
0 0.0931085 0.0722656 0.109971 0.0872396 0.933003
3 0.237537 0.753255 0.328446 0.49349 0.950212
