4 0.665689 0.82487 0.282991 0.105469 0.605144
3 0.941716 0.916667 0.0887097 0.143229 0.763959
2 0.217009 0.534505 0.284457 0.0664062 0.813018
2 0.371334 0.372396 0.587243 0.195312 0.839197
4 0.858138 0.0540365 0.15176 0.0716146 0.839923
2 0.255865 0.204427 0.356305 0.0520833 0.846602
3 0.307185 0.64974 0.458944 0.148438 0.905509
0 0.0931085 0.0729167 0.109971 0.0859375 0.924484
4 0.665689 0.82487 0.282991 0.105469 0.605144
3 0.941716 0.916667 0.0887097 0.143229 0.763959
2 0.217009 0.534505 0.284457 0.0664062 0.813018
2 0.371334 0.372396 0.587243 0.195312 0.839197
4 0.858138 0.0540365 0.15176 0.0716146 0.839923
2 0.255865 0.204427 0.356305 0.0520833 0.846602
3 0.307185 0.64974 0.458944 0.148438 0.905509
0 0.0931085 0.0729167 0.109971 0.0859375 0.924484
4 0.665689 0.82487 0.282991 0.105469 0.605144
3 0.941716 0.916667 0.0887097 0.143229 0.763959
2 0.217009 0.534505 0.284457 0.0664062 0.813018
2 0.371334 0.372396 0.587243 0.195312 0.839197
4 0.858138 0.0540365 0.15176 0.0716146 0.839923
2 0.255865 0.204427 0.356305 0.0520833 0.846602
3 0.307185 0.64974 0.458944 0.148438 0.905509
0 0.0931085 0.0729167 0.109971 0.0859375 0.924484
4 0.665689 0.82487 0.282991 0.105469 0.605144
3 0.941716 0.916667 0.0887097 0.143229 0.763959
2 0.217009 0.534505 0.284457 0.0664062 0.813018
2 0.371334 0.372396 0.587243 0.195312 0.839197
4 0.858138 0.0540365 0.15176 0.0716146 0.839923
2 0.255865 0.204427 0.356305 0.0520833 0.846602
3 0.307185 0.64974 0.458944 0.148438 0.905509
0 0.0931085 0.0729167 0.109971 0.0859375 0.924484
4 0.665689 0.82487 0.282991 0.105469 0.605144
3 0.941716 0.916667 0.0887097 0.143229 0.763959
2 0.217009 0.534505 0.284457 0.0664062 0.813018
2 0.371334 0.372396 0.587243 0.195312 0.839197
4 0.858138 0.0540365 0.15176 0.0716146 0.839923
2 0.255865 0.204427 0.356305 0.0520833 0.846602
3 0.307185 0.64974 0.458944 0.148438 0.905509
0 0.0931085 0.0729167 0.109971 0.0859375 0.924484
4 0.665689 0.82487 0.282991 0.105469 0.605144
3 0.941716 0.916667 0.0887097 0.143229 0.763959
2 0.217009 0.534505 0.284457 0.0664062 0.813018
2 0.371334 0.372396 0.587243 0.195312 0.839197
4 0.858138 0.0540365 0.15176 0.0716146 0.839923
2 0.255865 0.204427 0.356305 0.0520833 0.846602
3 0.307185 0.64974 0.458944 0.148438 0.905509
0 0.0931085 0.0729167 0.109971 0.0859375 0.924484
4 0.665689 0.82487 0.282991 0.105469 0.605144
3 0.941716 0.916667 0.0887097 0.143229 0.763959
2 0.217009 0.534505 0.284457 0.0664062 0.813018
2 0.371334 0.372396 0.587243 0.195312 0.839197
4 0.858138 0.0540365 0.15176 0.0716146 0.839923
2 0.255865 0.204427 0.356305 0.0520833 0.846602
3 0.307185 0.64974 0.458944 0.148438 0.905509
0 0.0931085 0.0729167 0.109971 0.0859375 0.924484
4 0.665689 0.82487 0.282991 0.105469 0.605144
3 0.941716 0.916667 0.0887097 0.143229 0.763959
2 0.217009 0.534505 0.284457 0.0664062 0.813018
2 0.371334 0.372396 0.587243 0.195312 0.839197
4 0.858138 0.0540365 0.15176 0.0716146 0.839923
2 0.255865 0.204427 0.356305 0.0520833 0.846602
3 0.307185 0.64974 0.458944 0.148438 0.905509
0 0.0931085 0.0729167 0.109971 0.0859375 0.924484
4 0.665689 0.82487 0.282991 0.105469 0.605144
3 0.941716 0.916667 0.0887097 0.143229 0.763959
2 0.217009 0.534505 0.284457 0.0664062 0.813018
2 0.371334 0.372396 0.587243 0.195312 0.839197
4 0.858138 0.0540365 0.15176 0.0716146 0.839923
2 0.255865 0.204427 0.356305 0.0520833 0.846602
3 0.307185 0.64974 0.458944 0.148438 0.905509
0 0.0931085 0.0729167 0.109971 0.0859375 0.924484
4 0.665689 0.82487 0.282991 0.105469 0.605144
3 0.941716 0.916667 0.0887097 0.143229 0.763959
2 0.217009 0.534505 0.284457 0.0664062 0.813018
2 0.371334 0.372396 0.587243 0.195312 0.839197
4 0.858138 0.0540365 0.15176 0.0716146 0.839923
2 0.255865 0.204427 0.356305 0.0520833 0.846602
3 0.307185 0.64974 0.458944 0.148438 0.905509
0 0.0931085 0.0729167 0.109971 0.0859375 0.924484
4 0.665689 0.82487 0.282991 0.105469 0.605144
3 0.941716 0.916667 0.0887097 0.143229 0.763959
2 0.217009 0.534505 0.284457 0.0664062 0.813018
2 0.371334 0.372396 0.587243 0.195312 0.839197
4 0.858138 0.0540365 0.15176 0.0716146 0.839923
2 0.255865 0.204427 0.356305 0.0520833 0.846602
3 0.307185 0.64974 0.458944 0.148438 0.905509
0 0.0931085 0.0729167 0.109971 0.0859375 0.924484
4 0.665689 0.82487 0.282991 0.105469 0.605144
3 0.941716 0.916667 0.0887097 0.143229 0.763959
2 0.217009 0.534505 0.284457 0.0664062 0.813018
2 0.371334 0.372396 0.587243 0.195312 0.839197
4 0.858138 0.0540365 0.15176 0.0716146 0.839923
2 0.255865 0.204427 0.356305 0.0520833 0.846602
3 0.307185 0.64974 0.458944 0.148438 0.905509
0 0.0931085 0.0729167 0.109971 0.0859375 0.924484
4 0.665689 0.82487 0.282991 0.105469 0.605144
3 0.941716 0.916667 0.0887097 0.143229 0.763959
2 0.217009 0.534505 0.284457 0.0664062 0.813018
2 0.371334 0.372396 0.587243 0.195312 0.839197
4 0.858138 0.0540365 0.15176 0.0716146 0.839923
2 0.255865 0.204427 0.356305 0.0520833 0.846602
3 0.307185 0.64974 0.458944 0.148438 0.905509
0 0.0931085 0.0729167 0.109971 0.0859375 0.924484
4 0.665689 0.82487 0.282991 0.105469 0.605144
3 0.941716 0.916667 0.0887097 0.143229 0.763959
2 0.217009 0.534505 0.284457 0.0664062 0.813018
2 0.371334 0.372396 0.587243 0.195312 0.839197
4 0.858138 0.0540365 0.15176 0.0716146 0.839923
2 0.255865 0.204427 0.356305 0.0520833 0.846602
3 0.307185 0.64974 0.458944 0.148438 0.905509
0 0.0931085 0.0729167 0.109971 0.0859375 0.924484
4 0.665689 0.82487 0.282991 0.105469 0.605144
3 0.941716 0.916667 0.0887097 0.143229 0.763959
2 0.217009 0.534505 0.284457 0.0664062 0.813018
2 0.371334 0.372396 0.587243 0.195312 0.839197
4 0.858138 0.0540365 0.15176 0.0716146 0.839923
2 0.255865 0.204427 0.356305 0.0520833 0.846602
3 0.307185 0.64974 0.458944 0.148438 0.905509
0 0.0931085 0.0729167 0.109971 0.0859375 0.924484
4 0.665689 0.82487 0.282991 0.105469 0.605144
3 0.941716 0.916667 0.0887097 0.143229 0.763959
2 0.217009 0.534505 0.284457 0.0664062 0.813018
2 0.371334 0.372396 0.587243 0.195312 0.839197
4 0.858138 0.0540365 0.15176 0.0716146 0.839923
2 0.255865 0.204427 0.356305 0.0520833 0.846602
3 0.307185 0.64974 0.458944 0.148438 0.905509
0 0.0931085 0.0729167 0.109971 0.0859375 0.924484
4 0.665689 0.82487 0.282991 0.105469 0.605144
3 0.941716 0.916667 0.0887097 0.143229 0.763959
2 0.217009 0.534505 0.284457 0.0664062 0.813018
2 0.371334 0.372396 0.587243 0.195312 0.839197
4 0.858138 0.0540365 0.15176 0.0716146 0.839923
2 0.255865 0.204427 0.356305 0.0520833 0.846602
3 0.307185 0.64974 0.458944 0.148438 0.905509
0 0.0931085 0.0729167 0.109971 0.0859375 0.924484
4 0.665689 0.82487 0.282991 0.105469 0.605144
3 0.941716 0.916667 0.0887097 0.143229 0.763959
2 0.217009 0.534505 0.284457 0.0664062 0.813018
2 0.371334 0.372396 0.587243 0.195312 0.839197
4 0.858138 0.0540365 0.15176 0.0716146 0.839923
2 0.255865 0.204427 0.356305 0.0520833 0.846602
3 0.307185 0.64974 0.458944 0.148438 0.905509
0 0.0931085 0.0729167 0.109971 0.0859375 0.924484
4 0.665689 0.82487 0.282991 0.105469 0.605144
3 0.941716 0.916667 0.0887097 0.143229 0.763959
2 0.217009 0.534505 0.284457 0.0664062 0.813018
2 0.371334 0.372396 0.587243 0.195312 0.839197
4 0.858138 0.0540365 0.15176 0.0716146 0.839923
2 0.255865 0.204427 0.356305 0.0520833 0.846602
3 0.307185 0.64974 0.458944 0.148438 0.905509
0 0.0931085 0.0729167 0.109971 0.0859375 0.924484
