3 0.134897 0.460286 0.225806 0.920573 0.63288
3 0.627566 0.486328 0.744868 0.972656 0.717515
3 0.134897 0.460286 0.225806 0.920573 0.63288
3 0.627566 0.486328 0.744868 0.972656 0.717515
3 0.134897 0.460286 0.225806 0.920573 0.63288
3 0.627566 0.486328 0.744868 0.972656 0.717515
3 0.134897 0.460286 0.225806 0.920573 0.63288
3 0.627566 0.486328 0.744868 0.972656 0.717515
3 0.134897 0.460286 0.225806 0.920573 0.63288
3 0.627566 0.486328 0.744868 0.972656 0.717515
3 0.134897 0.460286 0.225806 0.920573 0.63288
3 0.627566 0.486328 0.744868 0.972656 0.717515
3 0.134897 0.460286 0.225806 0.920573 0.63288
3 0.627566 0.486328 0.744868 0.972656 0.717515
3 0.134897 0.460286 0.225806 0.920573 0.63288
3 0.627566 0.486328 0.744868 0.972656 0.717515
3 0.134897 0.460286 0.225806 0.920573 0.63288
3 0.627566 0.486328 0.744868 0.972656 0.717515
3 0.134897 0.460286 0.225806 0.920573 0.63288
3 0.627566 0.486328 0.744868 0.972656 0.717515
3 0.134897 0.460286 0.225806 0.920573 0.63288
3 0.627566 0.486328 0.744868 0.972656 0.717515
3 0.134897 0.460286 0.225806 0.920573 0.63288
3 0.627566 0.486328 0.744868 0.972656 0.717515
3 0.134897 0.460286 0.225806 0.920573 0.63288
3 0.627566 0.486328 0.744868 0.972656 0.717515
3 0.134897 0.460286 0.225806 0.920573 0.63288
3 0.627566 0.486328 0.744868 0.972656 0.717515
3 0.134897 0.460286 0.225806 0.920573 0.63288
3 0.627566 0.486328 0.744868 0.972656 0.717515
3 0.134897 0.460286 0.225806 0.920573 0.63288
3 0.627566 0.486328 0.744868 0.972656 0.717515
3 0.134897 0.460286 0.225806 0.920573 0.63288
3 0.627566 0.486328 0.744868 0.972656 0.717515
3 0.134897 0.460286 0.225806 0.920573 0.63288
3 0.627566 0.486328 0.744868 0.972656 0.717515
3 0.134897 0.460286 0.225806 0.920573 0.63288
3 0.627566 0.486328 0.744868 0.972656 0.717515
