2 0.401393 0.205078 0.65176 0.0585938 0.711361
1 0.156525 0.514323 0.160557 0.0572917 0.730997
2 0.294355 0.382812 0.434751 0.109375 0.741354
3 0.693548 0.89974 0.365103 0.09375 0.753543
3 0.941349 0.915365 0.0806452 0.138021 0.798364
3 0.293622 0.792318 0.440616 0.139323 0.823807
4 0.858138 0.0540365 0.15176 0.0716146 0.836183
2 0.438416 0.567057 0.714076 0.152344 0.853498
1 0.167889 0.281901 0.193548 0.0611979 0.854547
2 0.208211 0.695312 0.259531 0.046875 0.855662
0 0.0931085 0.0722656 0.109971 0.0872396 0.929359
2 0.401393 0.205078 0.65176 0.0585938 0.711361
1 0.156525 0.514323 0.160557 0.0572917 0.730997
2 0.294355 0.382812 0.434751 0.109375 0.741354
3 0.693548 0.89974 0.365103 0.09375 0.753543
3 0.941349 0.915365 0.0806452 0.138021 0.798364
3 0.293622 0.792318 0.440616 0.139323 0.823807
4 0.858138 0.0540365 0.15176 0.0716146 0.836183
2 0.438416 0.567057 0.714076 0.152344 0.853498
1 0.167889 0.281901 0.193548 0.0611979 0.854547
2 0.208211 0.695312 0.259531 0.046875 0.855662
0 0.0931085 0.0722656 0.109971 0.0872396 0.929359
2 0.401393 0.205078 0.65176 0.0585938 0.711361
1 0.156525 0.514323 0.160557 0.0572917 0.730997
2 0.294355 0.382812 0.434751 0.109375 0.741354
3 0.693548 0.89974 0.365103 0.09375 0.753543
3 0.941349 0.915365 0.0806452 0.138021 0.798364
3 0.293622 0.792318 0.440616 0.139323 0.823807
4 0.858138 0.0540365 0.15176 0.0716146 0.836183
2 0.438416 0.567057 0.714076 0.152344 0.853498
1 0.167889 0.281901 0.193548 0.0611979 0.854547
2 0.208211 0.695312 0.259531 0.046875 0.855662
0 0.0931085 0.0722656 0.109971 0.0872396 0.929359
2 0.401393 0.205078 0.65176 0.0585938 0.711361
1 0.156525 0.514323 0.160557 0.0572917 0.730997
2 0.294355 0.382812 0.434751 0.109375 0.741354
3 0.693548 0.89974 0.365103 0.09375 0.753543
3 0.941349 0.915365 0.0806452 0.138021 0.798364
3 0.293622 0.792318 0.440616 0.139323 0.823807
4 0.858138 0.0540365 0.15176 0.0716146 0.836183
2 0.438416 0.567057 0.714076 0.152344 0.853498
1 0.167889 0.281901 0.193548 0.0611979 0.854547
2 0.208211 0.695312 0.259531 0.046875 0.855662
0 0.0931085 0.0722656 0.109971 0.0872396 0.929359
2 0.401393 0.205078 0.65176 0.0585938 0.711361
1 0.156525 0.514323 0.160557 0.0572917 0.730997
2 0.294355 0.382812 0.434751 0.109375 0.741354
3 0.693548 0.89974 0.365103 0.09375 0.753543
3 0.941349 0.915365 0.0806452 0.138021 0.798364
3 0.293622 0.792318 0.440616 0.139323 0.823807
4 0.858138 0.0540365 0.15176 0.0716146 0.836183
2 0.438416 0.567057 0.714076 0.152344 0.853498
1 0.167889 0.281901 0.193548 0.0611979 0.854547
2 0.208211 0.695312 0.259531 0.046875 0.855662
0 0.0931085 0.0722656 0.109971 0.0872396 0.929359
2 0.401393 0.205078 0.65176 0.0585938 0.711361
1 0.156525 0.514323 0.160557 0.0572917 0.730997
2 0.294355 0.382812 0.434751 0.109375 0.741354
3 0.693548 0.89974 0.365103 0.09375 0.753543
3 0.941349 0.915365 0.0806452 0.138021 0.798364
3 0.293622 0.792318 0.440616 0.139323 0.823807
4 0.858138 0.0540365 0.15176 0.0716146 0.836183
2 0.438416 0.567057 0.714076 0.152344 0.853498
1 0.167889 0.281901 0.193548 0.0611979 0.854547
2 0.208211 0.695312 0.259531 0.046875 0.855662
0 0.0931085 0.0722656 0.109971 0.0872396 0.929359
2 0.401393 0.205078 0.65176 0.0585938 0.711361
1 0.156525 0.514323 0.160557 0.0572917 0.730997
2 0.294355 0.382812 0.434751 0.109375 0.741354
3 0.693548 0.89974 0.365103 0.09375 0.753543
3 0.941349 0.915365 0.0806452 0.138021 0.798364
3 0.293622 0.792318 0.440616 0.139323 0.823807
4 0.858138 0.0540365 0.15176 0.0716146 0.836183
2 0.438416 0.567057 0.714076 0.152344 0.853498
1 0.167889 0.281901 0.193548 0.0611979 0.854547
2 0.208211 0.695312 0.259531 0.046875 0.855662
0 0.0931085 0.0722656 0.109971 0.0872396 0.929359
2 0.401393 0.205078 0.65176 0.0585938 0.711361
1 0.156525 0.514323 0.160557 0.0572917 0.730997
2 0.294355 0.382812 0.434751 0.109375 0.741354
3 0.693548 0.89974 0.365103 0.09375 0.753543
3 0.941349 0.915365 0.0806452 0.138021 0.798364
3 0.293622 0.792318 0.440616 0.139323 0.823807
4 0.858138 0.0540365 0.15176 0.0716146 0.836183
2 0.438416 0.567057 0.714076 0.152344 0.853498
1 0.167889 0.281901 0.193548 0.0611979 0.854547
2 0.208211 0.695312 0.259531 0.046875 0.855662
0 0.0931085 0.0722656 0.109971 0.0872396 0.929359
2 0.401393 0.205078 0.65176 0.0585938 0.711361
1 0.156525 0.514323 0.160557 0.0572917 0.730997
2 0.294355 0.382812 0.434751 0.109375 0.741354
3 0.693548 0.89974 0.365103 0.09375 0.753543
3 0.941349 0.915365 0.0806452 0.138021 0.798364
3 0.293622 0.792318 0.440616 0.139323 0.823807
4 0.858138 0.0540365 0.15176 0.0716146 0.836183
2 0.438416 0.567057 0.714076 0.152344 0.853498
1 0.167889 0.281901 0.193548 0.0611979 0.854547
2 0.208211 0.695312 0.259531 0.046875 0.855662
0 0.0931085 0.0722656 0.109971 0.0872396 0.929359
2 0.401393 0.205078 0.65176 0.0585938 0.711361
1 0.156525 0.514323 0.160557 0.0572917 0.730997
2 0.294355 0.382812 0.434751 0.109375 0.741354
3 0.693548 0.89974 0.365103 0.09375 0.753543
3 0.941349 0.915365 0.0806452 0.138021 0.798364
3 0.293622 0.792318 0.440616 0.139323 0.823807
4 0.858138 0.0540365 0.15176 0.0716146 0.836183
2 0.438416 0.567057 0.714076 0.152344 0.853498
1 0.167889 0.281901 0.193548 0.0611979 0.854547
2 0.208211 0.695312 0.259531 0.046875 0.855662
0 0.0931085 0.0722656 0.109971 0.0872396 0.929359
2 0.401393 0.205078 0.65176 0.0585938 0.711361
1 0.156525 0.514323 0.160557 0.0572917 0.730997
2 0.294355 0.382812 0.434751 0.109375 0.741354
3 0.693548 0.89974 0.365103 0.09375 0.753543
3 0.941349 0.915365 0.0806452 0.138021 0.798364
3 0.293622 0.792318 0.440616 0.139323 0.823807
4 0.858138 0.0540365 0.15176 0.0716146 0.836183
2 0.438416 0.567057 0.714076 0.152344 0.853498
1 0.167889 0.281901 0.193548 0.0611979 0.854547
2 0.208211 0.695312 0.259531 0.046875 0.855662
0 0.0931085 0.0722656 0.109971 0.0872396 0.929359
2 0.401393 0.205078 0.65176 0.0585938 0.711361
1 0.156525 0.514323 0.160557 0.0572917 0.730997
2 0.294355 0.382812 0.434751 0.109375 0.741354
3 0.693548 0.89974 0.365103 0.09375 0.753543
3 0.941349 0.915365 0.0806452 0.138021 0.798364
3 0.293622 0.792318 0.440616 0.139323 0.823807
4 0.858138 0.0540365 0.15176 0.0716146 0.836183
2 0.438416 0.567057 0.714076 0.152344 0.853498
1 0.167889 0.281901 0.193548 0.0611979 0.854547
2 0.208211 0.695312 0.259531 0.046875 0.855662
0 0.0931085 0.0722656 0.109971 0.0872396 0.929359
2 0.401393 0.205078 0.65176 0.0585938 0.711361
1 0.156525 0.514323 0.160557 0.0572917 0.730997
2 0.294355 0.382812 0.434751 0.109375 0.741354
3 0.693548 0.89974 0.365103 0.09375 0.753543
3 0.941349 0.915365 0.0806452 0.138021 0.798364
3 0.293622 0.792318 0.440616 0.139323 0.823807
4 0.858138 0.0540365 0.15176 0.0716146 0.836183
2 0.438416 0.567057 0.714076 0.152344 0.853498
1 0.167889 0.281901 0.193548 0.0611979 0.854547
2 0.208211 0.695312 0.259531 0.046875 0.855662
0 0.0931085 0.0722656 0.109971 0.0872396 0.929359
2 0.401393 0.205078 0.65176 0.0585938 0.711361
1 0.156525 0.514323 0.160557 0.0572917 0.730997
2 0.294355 0.382812 0.434751 0.109375 0.741354
3 0.693548 0.89974 0.365103 0.09375 0.753543
3 0.941349 0.915365 0.0806452 0.138021 0.798364
3 0.293622 0.792318 0.440616 0.139323 0.823807
4 0.858138 0.0540365 0.15176 0.0716146 0.836183
2 0.438416 0.567057 0.714076 0.152344 0.853498
1 0.167889 0.281901 0.193548 0.0611979 0.854547
2 0.208211 0.695312 0.259531 0.046875 0.855662
0 0.0931085 0.0722656 0.109971 0.0872396 0.929359
2 0.401393 0.205078 0.65176 0.0585938 0.711361
1 0.156525 0.514323 0.160557 0.0572917 0.730997
2 0.294355 0.382812 0.434751 0.109375 0.741354
3 0.693548 0.89974 0.365103 0.09375 0.753543
3 0.941349 0.915365 0.0806452 0.138021 0.798364
3 0.293622 0.792318 0.440616 0.139323 0.823807
4 0.858138 0.0540365 0.15176 0.0716146 0.836183
2 0.438416 0.567057 0.714076 0.152344 0.853498
1 0.167889 0.281901 0.193548 0.0611979 0.854547
2 0.208211 0.695312 0.259531 0.046875 0.855662
0 0.0931085 0.0722656 0.109971 0.0872396 0.929359
2 0.401393 0.205078 0.65176 0.0585938 0.711361
1 0.156525 0.514323 0.160557 0.0572917 0.730997
2 0.294355 0.382812 0.434751 0.109375 0.741354
3 0.693548 0.89974 0.365103 0.09375 0.753543
3 0.941349 0.915365 0.0806452 0.138021 0.798364
3 0.293622 0.792318 0.440616 0.139323 0.823807
4 0.858138 0.0540365 0.15176 0.0716146 0.836183
2 0.438416 0.567057 0.714076 0.152344 0.853498
1 0.167889 0.281901 0.193548 0.0611979 0.854547
2 0.208211 0.695312 0.259531 0.046875 0.855662
0 0.0931085 0.0722656 0.109971 0.0872396 0.929359
2 0.401393 0.205078 0.65176 0.0585938 0.711361
1 0.156525 0.514323 0.160557 0.0572917 0.730997
2 0.294355 0.382812 0.434751 0.109375 0.741354
3 0.693548 0.89974 0.365103 0.09375 0.753543
3 0.941349 0.915365 0.0806452 0.138021 0.798364
3 0.293622 0.792318 0.440616 0.139323 0.823807
4 0.858138 0.0540365 0.15176 0.0716146 0.836183
2 0.438416 0.567057 0.714076 0.152344 0.853498
1 0.167889 0.281901 0.193548 0.0611979 0.854547
2 0.208211 0.695312 0.259531 0.046875 0.855662
0 0.0931085 0.0722656 0.109971 0.0872396 0.929359
2 0.401393 0.205078 0.65176 0.0585938 0.711361
1 0.156525 0.514323 0.160557 0.0572917 0.730997
2 0.294355 0.382812 0.434751 0.109375 0.741354
3 0.693548 0.89974 0.365103 0.09375 0.753543
3 0.941349 0.915365 0.0806452 0.138021 0.798364
3 0.293622 0.792318 0.440616 0.139323 0.823807
4 0.858138 0.0540365 0.15176 0.0716146 0.836183
2 0.438416 0.567057 0.714076 0.152344 0.853498
1 0.167889 0.281901 0.193548 0.0611979 0.854547
2 0.208211 0.695312 0.259531 0.046875 0.855662
0 0.0931085 0.0722656 0.109971 0.0872396 0.929359
2 0.401393 0.205078 0.65176 0.0585938 0.711361
1 0.156525 0.514323 0.160557 0.0572917 0.730997
2 0.294355 0.382812 0.434751 0.109375 0.741354
3 0.693548 0.89974 0.365103 0.09375 0.753543
3 0.941349 0.915365 0.0806452 0.138021 0.798364
3 0.293622 0.792318 0.440616 0.139323 0.823807
4 0.858138 0.0540365 0.15176 0.0716146 0.836183
2 0.438416 0.567057 0.714076 0.152344 0.853498
1 0.167889 0.281901 0.193548 0.0611979 0.854547
2 0.208211 0.695312 0.259531 0.046875 0.855662
0 0.0931085 0.0722656 0.109971 0.0872396 0.929359
