6 0.561217 0.837891 0.0828446 0.0481771 0.607937
2 0.417889 0.205729 0.695015 0.0546875 0.618507
3 0.940982 0.916016 0.0857771 0.139323 0.741821
4 0.858504 0.0540365 0.151026 0.0716146 0.837861
2 0.629032 0.410156 0.549853 0.166667 0.851675
2 0.214443 0.442708 0.264663 0.231771 0.853931
1 0.168622 0.282552 0.195015 0.0625 0.858826
0 0.0934751 0.0729167 0.110704 0.0859375 0.928547
3 0.190249 0.739583 0.251466 0.328125 0.957632
6 0.561217 0.837891 0.0828446 0.0481771 0.607937
2 0.417889 0.205729 0.695015 0.0546875 0.618507
3 0.940982 0.916016 0.0857771 0.139323 0.741821
4 0.858504 0.0540365 0.151026 0.0716146 0.837861
2 0.629032 0.410156 0.549853 0.166667 0.851675
2 0.214443 0.442708 0.264663 0.231771 0.853931
1 0.168622 0.282552 0.195015 0.0625 0.858826
0 0.0934751 0.0729167 0.110704 0.0859375 0.928547
3 0.190249 0.739583 0.251466 0.328125 0.957632
6 0.561217 0.837891 0.0828446 0.0481771 0.607937
2 0.417889 0.205729 0.695015 0.0546875 0.618507
3 0.940982 0.916016 0.0857771 0.139323 0.741821
4 0.858504 0.0540365 0.151026 0.0716146 0.837861
2 0.629032 0.410156 0.549853 0.166667 0.851675
2 0.214443 0.442708 0.264663 0.231771 0.853931
1 0.168622 0.282552 0.195015 0.0625 0.858826
0 0.0934751 0.0729167 0.110704 0.0859375 0.928547
3 0.190249 0.739583 0.251466 0.328125 0.957632
6 0.561217 0.837891 0.0828446 0.0481771 0.607937
2 0.417889 0.205729 0.695015 0.0546875 0.618507
3 0.940982 0.916016 0.0857771 0.139323 0.741821
4 0.858504 0.0540365 0.151026 0.0716146 0.837861
2 0.629032 0.410156 0.549853 0.166667 0.851675
2 0.214443 0.442708 0.264663 0.231771 0.853931
1 0.168622 0.282552 0.195015 0.0625 0.858826
0 0.0934751 0.0729167 0.110704 0.0859375 0.928547
3 0.190249 0.739583 0.251466 0.328125 0.957632
6 0.561217 0.837891 0.0828446 0.0481771 0.607937
2 0.417889 0.205729 0.695015 0.0546875 0.618507
3 0.940982 0.916016 0.0857771 0.139323 0.741821
4 0.858504 0.0540365 0.151026 0.0716146 0.837861
2 0.629032 0.410156 0.549853 0.166667 0.851675
2 0.214443 0.442708 0.264663 0.231771 0.853931
1 0.168622 0.282552 0.195015 0.0625 0.858826
0 0.0934751 0.0729167 0.110704 0.0859375 0.928547
3 0.190249 0.739583 0.251466 0.328125 0.957632
6 0.561217 0.837891 0.0828446 0.0481771 0.607937
2 0.417889 0.205729 0.695015 0.0546875 0.618507
3 0.940982 0.916016 0.0857771 0.139323 0.741821
4 0.858504 0.0540365 0.151026 0.0716146 0.837861
2 0.629032 0.410156 0.549853 0.166667 0.851675
2 0.214443 0.442708 0.264663 0.231771 0.853931
1 0.168622 0.282552 0.195015 0.0625 0.858826
0 0.0934751 0.0729167 0.110704 0.0859375 0.928547
3 0.190249 0.739583 0.251466 0.328125 0.957632
6 0.561217 0.837891 0.0828446 0.0481771 0.607937
2 0.417889 0.205729 0.695015 0.0546875 0.618507
3 0.940982 0.916016 0.0857771 0.139323 0.741821
4 0.858504 0.0540365 0.151026 0.0716146 0.837861
2 0.629032 0.410156 0.549853 0.166667 0.851675
2 0.214443 0.442708 0.264663 0.231771 0.853931
1 0.168622 0.282552 0.195015 0.0625 0.858826
0 0.0934751 0.0729167 0.110704 0.0859375 0.928547
3 0.190249 0.739583 0.251466 0.328125 0.957632
6 0.561217 0.837891 0.0828446 0.0481771 0.607937
2 0.417889 0.205729 0.695015 0.0546875 0.618507
3 0.940982 0.916016 0.0857771 0.139323 0.741821
4 0.858504 0.0540365 0.151026 0.0716146 0.837861
2 0.629032 0.410156 0.549853 0.166667 0.851675
2 0.214443 0.442708 0.264663 0.231771 0.853931
1 0.168622 0.282552 0.195015 0.0625 0.858826
0 0.0934751 0.0729167 0.110704 0.0859375 0.928547
3 0.190249 0.739583 0.251466 0.328125 0.957632
6 0.561217 0.837891 0.0828446 0.0481771 0.607937
2 0.417889 0.205729 0.695015 0.0546875 0.618507
3 0.940982 0.916016 0.0857771 0.139323 0.741821
4 0.858504 0.0540365 0.151026 0.0716146 0.837861
2 0.629032 0.410156 0.549853 0.166667 0.851675
2 0.214443 0.442708 0.264663 0.231771 0.853931
1 0.168622 0.282552 0.195015 0.0625 0.858826
0 0.0934751 0.0729167 0.110704 0.0859375 0.928547
3 0.190249 0.739583 0.251466 0.328125 0.957632
6 0.561217 0.837891 0.0828446 0.0481771 0.607937
2 0.417889 0.205729 0.695015 0.0546875 0.618507
3 0.940982 0.916016 0.0857771 0.139323 0.741821
4 0.858504 0.0540365 0.151026 0.0716146 0.837861
2 0.629032 0.410156 0.549853 0.166667 0.851675
2 0.214443 0.442708 0.264663 0.231771 0.853931
1 0.168622 0.282552 0.195015 0.0625 0.858826
0 0.0934751 0.0729167 0.110704 0.0859375 0.928547
3 0.190249 0.739583 0.251466 0.328125 0.957632
6 0.561217 0.837891 0.0828446 0.0481771 0.607937
2 0.417889 0.205729 0.695015 0.0546875 0.618507
3 0.940982 0.916016 0.0857771 0.139323 0.741821
4 0.858504 0.0540365 0.151026 0.0716146 0.837861
2 0.629032 0.410156 0.549853 0.166667 0.851675
2 0.214443 0.442708 0.264663 0.231771 0.853931
1 0.168622 0.282552 0.195015 0.0625 0.858826
0 0.0934751 0.0729167 0.110704 0.0859375 0.928547
3 0.190249 0.739583 0.251466 0.328125 0.957632
6 0.561217 0.837891 0.0828446 0.0481771 0.607937
2 0.417889 0.205729 0.695015 0.0546875 0.618507
3 0.940982 0.916016 0.0857771 0.139323 0.741821
4 0.858504 0.0540365 0.151026 0.0716146 0.837861
2 0.629032 0.410156 0.549853 0.166667 0.851675
2 0.214443 0.442708 0.264663 0.231771 0.853931
1 0.168622 0.282552 0.195015 0.0625 0.858826
0 0.0934751 0.0729167 0.110704 0.0859375 0.928547
3 0.190249 0.739583 0.251466 0.328125 0.957632
6 0.561217 0.837891 0.0828446 0.0481771 0.607937
2 0.417889 0.205729 0.695015 0.0546875 0.618507
3 0.940982 0.916016 0.0857771 0.139323 0.741821
4 0.858504 0.0540365 0.151026 0.0716146 0.837861
2 0.629032 0.410156 0.549853 0.166667 0.851675
2 0.214443 0.442708 0.264663 0.231771 0.853931
1 0.168622 0.282552 0.195015 0.0625 0.858826
0 0.0934751 0.0729167 0.110704 0.0859375 0.928547
3 0.190249 0.739583 0.251466 0.328125 0.957632
6 0.561217 0.837891 0.0828446 0.0481771 0.607937
2 0.417889 0.205729 0.695015 0.0546875 0.618507
3 0.940982 0.916016 0.0857771 0.139323 0.741821
4 0.858504 0.0540365 0.151026 0.0716146 0.837861
2 0.629032 0.410156 0.549853 0.166667 0.851675
2 0.214443 0.442708 0.264663 0.231771 0.853931
1 0.168622 0.282552 0.195015 0.0625 0.858826
0 0.0934751 0.0729167 0.110704 0.0859375 0.928547
3 0.190249 0.739583 0.251466 0.328125 0.957632
6 0.561217 0.837891 0.0828446 0.0481771 0.607937
2 0.417889 0.205729 0.695015 0.0546875 0.618507
3 0.940982 0.916016 0.0857771 0.139323 0.741821
4 0.858504 0.0540365 0.151026 0.0716146 0.837861
2 0.629032 0.410156 0.549853 0.166667 0.851675
2 0.214443 0.442708 0.264663 0.231771 0.853931
1 0.168622 0.282552 0.195015 0.0625 0.858826
0 0.0934751 0.0729167 0.110704 0.0859375 0.928547
3 0.190249 0.739583 0.251466 0.328125 0.957632
6 0.561217 0.837891 0.0828446 0.0481771 0.607937
2 0.417889 0.205729 0.695015 0.0546875 0.618507
3 0.940982 0.916016 0.0857771 0.139323 0.741821
4 0.858504 0.0540365 0.151026 0.0716146 0.837861
2 0.629032 0.410156 0.549853 0.166667 0.851675
2 0.214443 0.442708 0.264663 0.231771 0.853931
1 0.168622 0.282552 0.195015 0.0625 0.858826
0 0.0934751 0.0729167 0.110704 0.0859375 0.928547
3 0.190249 0.739583 0.251466 0.328125 0.957632
6 0.561217 0.837891 0.0828446 0.0481771 0.607937
2 0.417889 0.205729 0.695015 0.0546875 0.618507
3 0.940982 0.916016 0.0857771 0.139323 0.741821
4 0.858504 0.0540365 0.151026 0.0716146 0.837861
2 0.629032 0.410156 0.549853 0.166667 0.851675
2 0.214443 0.442708 0.264663 0.231771 0.853931
1 0.168622 0.282552 0.195015 0.0625 0.858826
0 0.0934751 0.0729167 0.110704 0.0859375 0.928547
3 0.190249 0.739583 0.251466 0.328125 0.957632
6 0.561217 0.837891 0.0828446 0.0481771 0.607937
2 0.417889 0.205729 0.695015 0.0546875 0.618507
3 0.940982 0.916016 0.0857771 0.139323 0.741821
4 0.858504 0.0540365 0.151026 0.0716146 0.837861
2 0.629032 0.410156 0.549853 0.166667 0.851675
2 0.214443 0.442708 0.264663 0.231771 0.853931
1 0.168622 0.282552 0.195015 0.0625 0.858826
0 0.0934751 0.0729167 0.110704 0.0859375 0.928547
3 0.190249 0.739583 0.251466 0.328125 0.957632
6 0.561217 0.837891 0.0828446 0.0481771 0.607937
2 0.417889 0.205729 0.695015 0.0546875 0.618507
3 0.940982 0.916016 0.0857771 0.139323 0.741821
4 0.858504 0.0540365 0.151026 0.0716146 0.837861
2 0.629032 0.410156 0.549853 0.166667 0.851675
2 0.214443 0.442708 0.264663 0.231771 0.853931
1 0.168622 0.282552 0.195015 0.0625 0.858826
0 0.0934751 0.0729167 0.110704 0.0859375 0.928547
3 0.190249 0.739583 0.251466 0.328125 0.957632
