4 0.819282 0.955078 0.354106 0.0898438 0.612487
3 0.0865103 0.464193 0.173021 0.897135 0.720559
3 0.314883 0.441406 0.6239 0.882812 0.798704
2 0.43585 0.817708 0.31305 0.0677083 0.799691
3 0.755865 0.777344 0.318182 0.151042 0.890724
3 0.808284 0.376302 0.383431 0.677083 0.93044
4 0.819282 0.955078 0.354106 0.0898438 0.612487
3 0.0865103 0.464193 0.173021 0.897135 0.720559
3 0.314883 0.441406 0.6239 0.882812 0.798704
2 0.43585 0.817708 0.31305 0.0677083 0.799691
3 0.755865 0.777344 0.318182 0.151042 0.890724
3 0.808284 0.376302 0.383431 0.677083 0.93044
4 0.819282 0.955078 0.354106 0.0898438 0.612487
3 0.0865103 0.464193 0.173021 0.897135 0.720559
3 0.314883 0.441406 0.6239 0.882812 0.798704
2 0.43585 0.817708 0.31305 0.0677083 0.799691
3 0.755865 0.777344 0.318182 0.151042 0.890724
3 0.808284 0.376302 0.383431 0.677083 0.93044
4 0.819282 0.955078 0.354106 0.0898438 0.612487
3 0.0865103 0.464193 0.173021 0.897135 0.720559
3 0.314883 0.441406 0.6239 0.882812 0.798704
2 0.43585 0.817708 0.31305 0.0677083 0.799691
3 0.755865 0.777344 0.318182 0.151042 0.890724
3 0.808284 0.376302 0.383431 0.677083 0.93044
4 0.819282 0.955078 0.354106 0.0898438 0.612487
3 0.0865103 0.464193 0.173021 0.897135 0.720559
3 0.314883 0.441406 0.6239 0.882812 0.798704
2 0.43585 0.817708 0.31305 0.0677083 0.799691
3 0.755865 0.777344 0.318182 0.151042 0.890724
3 0.808284 0.376302 0.383431 0.677083 0.93044
4 0.819282 0.955078 0.354106 0.0898438 0.612487
3 0.0865103 0.464193 0.173021 0.897135 0.720559
3 0.314883 0.441406 0.6239 0.882812 0.798704
2 0.43585 0.817708 0.31305 0.0677083 0.799691
3 0.755865 0.777344 0.318182 0.151042 0.890724
3 0.808284 0.376302 0.383431 0.677083 0.93044
4 0.819282 0.955078 0.354106 0.0898438 0.612487
3 0.0865103 0.464193 0.173021 0.897135 0.720559
3 0.314883 0.441406 0.6239 0.882812 0.798704
2 0.43585 0.817708 0.31305 0.0677083 0.799691
3 0.755865 0.777344 0.318182 0.151042 0.890724
3 0.808284 0.376302 0.383431 0.677083 0.93044
4 0.819282 0.955078 0.354106 0.0898438 0.612487
3 0.0865103 0.464193 0.173021 0.897135 0.720559
3 0.314883 0.441406 0.6239 0.882812 0.798704
2 0.43585 0.817708 0.31305 0.0677083 0.799691
3 0.755865 0.777344 0.318182 0.151042 0.890724
3 0.808284 0.376302 0.383431 0.677083 0.93044
4 0.819282 0.955078 0.354106 0.0898438 0.612487
3 0.0865103 0.464193 0.173021 0.897135 0.720559
3 0.314883 0.441406 0.6239 0.882812 0.798704
2 0.43585 0.817708 0.31305 0.0677083 0.799691
3 0.755865 0.777344 0.318182 0.151042 0.890724
3 0.808284 0.376302 0.383431 0.677083 0.93044
4 0.819282 0.955078 0.354106 0.0898438 0.612487
3 0.0865103 0.464193 0.173021 0.897135 0.720559
3 0.314883 0.441406 0.6239 0.882812 0.798704
2 0.43585 0.817708 0.31305 0.0677083 0.799691
3 0.755865 0.777344 0.318182 0.151042 0.890724
3 0.808284 0.376302 0.383431 0.677083 0.93044
4 0.819282 0.955078 0.354106 0.0898438 0.612487
3 0.0865103 0.464193 0.173021 0.897135 0.720559
3 0.314883 0.441406 0.6239 0.882812 0.798704
2 0.43585 0.817708 0.31305 0.0677083 0.799691
3 0.755865 0.777344 0.318182 0.151042 0.890724
3 0.808284 0.376302 0.383431 0.677083 0.93044
4 0.819282 0.955078 0.354106 0.0898438 0.612487
3 0.0865103 0.464193 0.173021 0.897135 0.720559
3 0.314883 0.441406 0.6239 0.882812 0.798704
2 0.43585 0.817708 0.31305 0.0677083 0.799691
3 0.755865 0.777344 0.318182 0.151042 0.890724
3 0.808284 0.376302 0.383431 0.677083 0.93044
4 0.819282 0.955078 0.354106 0.0898438 0.612487
3 0.0865103 0.464193 0.173021 0.897135 0.720559
3 0.314883 0.441406 0.6239 0.882812 0.798704
2 0.43585 0.817708 0.31305 0.0677083 0.799691
3 0.755865 0.777344 0.318182 0.151042 0.890724
3 0.808284 0.376302 0.383431 0.677083 0.93044
4 0.819282 0.955078 0.354106 0.0898438 0.612487
3 0.0865103 0.464193 0.173021 0.897135 0.720559
3 0.314883 0.441406 0.6239 0.882812 0.798704
2 0.43585 0.817708 0.31305 0.0677083 0.799691
3 0.755865 0.777344 0.318182 0.151042 0.890724
3 0.808284 0.376302 0.383431 0.677083 0.93044
4 0.819282 0.955078 0.354106 0.0898438 0.612487
3 0.0865103 0.464193 0.173021 0.897135 0.720559
3 0.314883 0.441406 0.6239 0.882812 0.798704
2 0.43585 0.817708 0.31305 0.0677083 0.799691
3 0.755865 0.777344 0.318182 0.151042 0.890724
3 0.808284 0.376302 0.383431 0.677083 0.93044
4 0.819282 0.955078 0.354106 0.0898438 0.612487
3 0.0865103 0.464193 0.173021 0.897135 0.720559
3 0.314883 0.441406 0.6239 0.882812 0.798704
2 0.43585 0.817708 0.31305 0.0677083 0.799691
3 0.755865 0.777344 0.318182 0.151042 0.890724
3 0.808284 0.376302 0.383431 0.677083 0.93044
4 0.819282 0.955078 0.354106 0.0898438 0.612487
3 0.0865103 0.464193 0.173021 0.897135 0.720559
3 0.314883 0.441406 0.6239 0.882812 0.798704
2 0.43585 0.817708 0.31305 0.0677083 0.799691
3 0.755865 0.777344 0.318182 0.151042 0.890724
3 0.808284 0.376302 0.383431 0.677083 0.93044
4 0.819282 0.955078 0.354106 0.0898438 0.612487
3 0.0865103 0.464193 0.173021 0.897135 0.720559
3 0.314883 0.441406 0.6239 0.882812 0.798704
2 0.43585 0.817708 0.31305 0.0677083 0.799691
3 0.755865 0.777344 0.318182 0.151042 0.890724
3 0.808284 0.376302 0.383431 0.677083 0.93044
4 0.819282 0.955078 0.354106 0.0898438 0.612487
3 0.0865103 0.464193 0.173021 0.897135 0.720559
3 0.314883 0.441406 0.6239 0.882812 0.798704
2 0.43585 0.817708 0.31305 0.0677083 0.799691
3 0.755865 0.777344 0.318182 0.151042 0.890724
3 0.808284 0.376302 0.383431 0.677083 0.93044
