3 0.133431 0.459635 0.227273 0.919271 0.613982
3 0.616202 0.498047 0.767595 0.990885 0.767211
3 0.133431 0.459635 0.227273 0.919271 0.613982
3 0.616202 0.498047 0.767595 0.990885 0.767211
3 0.133431 0.459635 0.227273 0.919271 0.613982
3 0.616202 0.498047 0.767595 0.990885 0.767211
3 0.133431 0.459635 0.227273 0.919271 0.613982
3 0.616202 0.498047 0.767595 0.990885 0.767211
3 0.133431 0.459635 0.227273 0.919271 0.613982
3 0.616202 0.498047 0.767595 0.990885 0.767211
3 0.133431 0.459635 0.227273 0.919271 0.613982
3 0.616202 0.498047 0.767595 0.990885 0.767211
3 0.133431 0.459635 0.227273 0.919271 0.613982
3 0.616202 0.498047 0.767595 0.990885 0.767211
3 0.133431 0.459635 0.227273 0.919271 0.613982
3 0.616202 0.498047 0.767595 0.990885 0.767211
3 0.133431 0.459635 0.227273 0.919271 0.613982
3 0.616202 0.498047 0.767595 0.990885 0.767211
3 0.133431 0.459635 0.227273 0.919271 0.613982
3 0.616202 0.498047 0.767595 0.990885 0.767211
3 0.133431 0.459635 0.227273 0.919271 0.613982
3 0.616202 0.498047 0.767595 0.990885 0.767211
3 0.133431 0.459635 0.227273 0.919271 0.613982
3 0.616202 0.498047 0.767595 0.990885 0.767211
3 0.133431 0.459635 0.227273 0.919271 0.613982
3 0.616202 0.498047 0.767595 0.990885 0.767211
3 0.133431 0.459635 0.227273 0.919271 0.613982
3 0.616202 0.498047 0.767595 0.990885 0.767211
3 0.133431 0.459635 0.227273 0.919271 0.613982
3 0.616202 0.498047 0.767595 0.990885 0.767211
3 0.133431 0.459635 0.227273 0.919271 0.613982
3 0.616202 0.498047 0.767595 0.990885 0.767211
3 0.133431 0.459635 0.227273 0.919271 0.613982
3 0.616202 0.498047 0.767595 0.990885 0.767211
3 0.133431 0.459635 0.227273 0.919271 0.613982
3 0.616202 0.498047 0.767595 0.990885 0.767211
3 0.133431 0.459635 0.227273 0.919271 0.613982
3 0.616202 0.498047 0.767595 0.990885 0.767211
