1 0.157258 0.514974 0.160557 0.0559896 0.737798
2 0.40176 0.205078 0.64956 0.0585938 0.747361
3 0.693182 0.89974 0.36437 0.09375 0.749825
3 0.941349 0.915365 0.0806452 0.138021 0.79883
3 0.293622 0.792318 0.440616 0.139323 0.801053
2 0.292522 0.380208 0.431085 0.104167 0.81595
4 0.858138 0.0540365 0.15176 0.0716146 0.836171
2 0.207845 0.695312 0.260264 0.046875 0.854805
2 0.43915 0.567708 0.71261 0.151042 0.85639
1 0.167889 0.281901 0.195015 0.0611979 0.859183
0 0.0931085 0.0729167 0.109971 0.0885417 0.930737
1 0.157258 0.514974 0.160557 0.0559896 0.737798
2 0.40176 0.205078 0.64956 0.0585938 0.747361
3 0.693182 0.89974 0.36437 0.09375 0.749825
3 0.941349 0.915365 0.0806452 0.138021 0.79883
3 0.293622 0.792318 0.440616 0.139323 0.801053
2 0.292522 0.380208 0.431085 0.104167 0.81595
4 0.858138 0.0540365 0.15176 0.0716146 0.836171
2 0.207845 0.695312 0.260264 0.046875 0.854805
2 0.43915 0.567708 0.71261 0.151042 0.85639
1 0.167889 0.281901 0.195015 0.0611979 0.859183
0 0.0931085 0.0729167 0.109971 0.0885417 0.930737
1 0.157258 0.514974 0.160557 0.0559896 0.737798
2 0.40176 0.205078 0.64956 0.0585938 0.747361
3 0.693182 0.89974 0.36437 0.09375 0.749825
3 0.941349 0.915365 0.0806452 0.138021 0.79883
3 0.293622 0.792318 0.440616 0.139323 0.801053
2 0.292522 0.380208 0.431085 0.104167 0.81595
4 0.858138 0.0540365 0.15176 0.0716146 0.836171
2 0.207845 0.695312 0.260264 0.046875 0.854805
2 0.43915 0.567708 0.71261 0.151042 0.85639
1 0.167889 0.281901 0.195015 0.0611979 0.859183
0 0.0931085 0.0729167 0.109971 0.0885417 0.930737
1 0.157258 0.514974 0.160557 0.0559896 0.737798
2 0.40176 0.205078 0.64956 0.0585938 0.747361
3 0.693182 0.89974 0.36437 0.09375 0.749825
3 0.941349 0.915365 0.0806452 0.138021 0.79883
3 0.293622 0.792318 0.440616 0.139323 0.801053
2 0.292522 0.380208 0.431085 0.104167 0.81595
4 0.858138 0.0540365 0.15176 0.0716146 0.836171
2 0.207845 0.695312 0.260264 0.046875 0.854805
2 0.43915 0.567708 0.71261 0.151042 0.85639
1 0.167889 0.281901 0.195015 0.0611979 0.859183
0 0.0931085 0.0729167 0.109971 0.0885417 0.930737
1 0.157258 0.514974 0.160557 0.0559896 0.737798
2 0.40176 0.205078 0.64956 0.0585938 0.747361
3 0.693182 0.89974 0.36437 0.09375 0.749825
3 0.941349 0.915365 0.0806452 0.138021 0.79883
3 0.293622 0.792318 0.440616 0.139323 0.801053
2 0.292522 0.380208 0.431085 0.104167 0.81595
4 0.858138 0.0540365 0.15176 0.0716146 0.836171
2 0.207845 0.695312 0.260264 0.046875 0.854805
2 0.43915 0.567708 0.71261 0.151042 0.85639
1 0.167889 0.281901 0.195015 0.0611979 0.859183
0 0.0931085 0.0729167 0.109971 0.0885417 0.930737
1 0.157258 0.514974 0.160557 0.0559896 0.737798
2 0.40176 0.205078 0.64956 0.0585938 0.747361
3 0.693182 0.89974 0.36437 0.09375 0.749825
3 0.941349 0.915365 0.0806452 0.138021 0.79883
3 0.293622 0.792318 0.440616 0.139323 0.801053
2 0.292522 0.380208 0.431085 0.104167 0.81595
4 0.858138 0.0540365 0.15176 0.0716146 0.836171
2 0.207845 0.695312 0.260264 0.046875 0.854805
2 0.43915 0.567708 0.71261 0.151042 0.85639
1 0.167889 0.281901 0.195015 0.0611979 0.859183
0 0.0931085 0.0729167 0.109971 0.0885417 0.930737
1 0.157258 0.514974 0.160557 0.0559896 0.737798
2 0.40176 0.205078 0.64956 0.0585938 0.747361
3 0.693182 0.89974 0.36437 0.09375 0.749825
3 0.941349 0.915365 0.0806452 0.138021 0.79883
3 0.293622 0.792318 0.440616 0.139323 0.801053
2 0.292522 0.380208 0.431085 0.104167 0.81595
4 0.858138 0.0540365 0.15176 0.0716146 0.836171
2 0.207845 0.695312 0.260264 0.046875 0.854805
2 0.43915 0.567708 0.71261 0.151042 0.85639
1 0.167889 0.281901 0.195015 0.0611979 0.859183
0 0.0931085 0.0729167 0.109971 0.0885417 0.930737
1 0.157258 0.514974 0.160557 0.0559896 0.737798
2 0.40176 0.205078 0.64956 0.0585938 0.747361
3 0.693182 0.89974 0.36437 0.09375 0.749825
3 0.941349 0.915365 0.0806452 0.138021 0.79883
3 0.293622 0.792318 0.440616 0.139323 0.801053
2 0.292522 0.380208 0.431085 0.104167 0.81595
4 0.858138 0.0540365 0.15176 0.0716146 0.836171
2 0.207845 0.695312 0.260264 0.046875 0.854805
2 0.43915 0.567708 0.71261 0.151042 0.85639
1 0.167889 0.281901 0.195015 0.0611979 0.859183
0 0.0931085 0.0729167 0.109971 0.0885417 0.930737
1 0.157258 0.514974 0.160557 0.0559896 0.737798
2 0.40176 0.205078 0.64956 0.0585938 0.747361
3 0.693182 0.89974 0.36437 0.09375 0.749825
3 0.941349 0.915365 0.0806452 0.138021 0.79883
3 0.293622 0.792318 0.440616 0.139323 0.801053
2 0.292522 0.380208 0.431085 0.104167 0.81595
4 0.858138 0.0540365 0.15176 0.0716146 0.836171
2 0.207845 0.695312 0.260264 0.046875 0.854805
2 0.43915 0.567708 0.71261 0.151042 0.85639
1 0.167889 0.281901 0.195015 0.0611979 0.859183
0 0.0931085 0.0729167 0.109971 0.0885417 0.930737
1 0.157258 0.514974 0.160557 0.0559896 0.737798
2 0.40176 0.205078 0.64956 0.0585938 0.747361
3 0.693182 0.89974 0.36437 0.09375 0.749825
3 0.941349 0.915365 0.0806452 0.138021 0.79883
3 0.293622 0.792318 0.440616 0.139323 0.801053
2 0.292522 0.380208 0.431085 0.104167 0.81595
4 0.858138 0.0540365 0.15176 0.0716146 0.836171
2 0.207845 0.695312 0.260264 0.046875 0.854805
2 0.43915 0.567708 0.71261 0.151042 0.85639
1 0.167889 0.281901 0.195015 0.0611979 0.859183
0 0.0931085 0.0729167 0.109971 0.0885417 0.930737
1 0.157258 0.514974 0.160557 0.0559896 0.737798
2 0.40176 0.205078 0.64956 0.0585938 0.747361
3 0.693182 0.89974 0.36437 0.09375 0.749825
3 0.941349 0.915365 0.0806452 0.138021 0.79883
3 0.293622 0.792318 0.440616 0.139323 0.801053
2 0.292522 0.380208 0.431085 0.104167 0.81595
4 0.858138 0.0540365 0.15176 0.0716146 0.836171
2 0.207845 0.695312 0.260264 0.046875 0.854805
2 0.43915 0.567708 0.71261 0.151042 0.85639
1 0.167889 0.281901 0.195015 0.0611979 0.859183
0 0.0931085 0.0729167 0.109971 0.0885417 0.930737
1 0.157258 0.514974 0.160557 0.0559896 0.737798
2 0.40176 0.205078 0.64956 0.0585938 0.747361
3 0.693182 0.89974 0.36437 0.09375 0.749825
3 0.941349 0.915365 0.0806452 0.138021 0.79883
3 0.293622 0.792318 0.440616 0.139323 0.801053
2 0.292522 0.380208 0.431085 0.104167 0.81595
4 0.858138 0.0540365 0.15176 0.0716146 0.836171
2 0.207845 0.695312 0.260264 0.046875 0.854805
2 0.43915 0.567708 0.71261 0.151042 0.85639
1 0.167889 0.281901 0.195015 0.0611979 0.859183
0 0.0931085 0.0729167 0.109971 0.0885417 0.930737
1 0.157258 0.514974 0.160557 0.0559896 0.737798
2 0.40176 0.205078 0.64956 0.0585938 0.747361
3 0.693182 0.89974 0.36437 0.09375 0.749825
3 0.941349 0.915365 0.0806452 0.138021 0.79883
3 0.293622 0.792318 0.440616 0.139323 0.801053
2 0.292522 0.380208 0.431085 0.104167 0.81595
4 0.858138 0.0540365 0.15176 0.0716146 0.836171
2 0.207845 0.695312 0.260264 0.046875 0.854805
2 0.43915 0.567708 0.71261 0.151042 0.85639
1 0.167889 0.281901 0.195015 0.0611979 0.859183
0 0.0931085 0.0729167 0.109971 0.0885417 0.930737
1 0.157258 0.514974 0.160557 0.0559896 0.737798
2 0.40176 0.205078 0.64956 0.0585938 0.747361
3 0.693182 0.89974 0.36437 0.09375 0.749825
3 0.941349 0.915365 0.0806452 0.138021 0.79883
3 0.293622 0.792318 0.440616 0.139323 0.801053
2 0.292522 0.380208 0.431085 0.104167 0.81595
4 0.858138 0.0540365 0.15176 0.0716146 0.836171
2 0.207845 0.695312 0.260264 0.046875 0.854805
2 0.43915 0.567708 0.71261 0.151042 0.85639
1 0.167889 0.281901 0.195015 0.0611979 0.859183
0 0.0931085 0.0729167 0.109971 0.0885417 0.930737
1 0.157258 0.514974 0.160557 0.0559896 0.737798
2 0.40176 0.205078 0.64956 0.0585938 0.747361
3 0.693182 0.89974 0.36437 0.09375 0.749825
3 0.941349 0.915365 0.0806452 0.138021 0.79883
3 0.293622 0.792318 0.440616 0.139323 0.801053
2 0.292522 0.380208 0.431085 0.104167 0.81595
4 0.858138 0.0540365 0.15176 0.0716146 0.836171
2 0.207845 0.695312 0.260264 0.046875 0.854805
2 0.43915 0.567708 0.71261 0.151042 0.85639
1 0.167889 0.281901 0.195015 0.0611979 0.859183
0 0.0931085 0.0729167 0.109971 0.0885417 0.930737
1 0.157258 0.514974 0.160557 0.0559896 0.737798
2 0.40176 0.205078 0.64956 0.0585938 0.747361
3 0.693182 0.89974 0.36437 0.09375 0.749825
3 0.941349 0.915365 0.0806452 0.138021 0.79883
3 0.293622 0.792318 0.440616 0.139323 0.801053
2 0.292522 0.380208 0.431085 0.104167 0.81595
4 0.858138 0.0540365 0.15176 0.0716146 0.836171
2 0.207845 0.695312 0.260264 0.046875 0.854805
2 0.43915 0.567708 0.71261 0.151042 0.85639
1 0.167889 0.281901 0.195015 0.0611979 0.859183
0 0.0931085 0.0729167 0.109971 0.0885417 0.930737
1 0.157258 0.514974 0.160557 0.0559896 0.737798
2 0.40176 0.205078 0.64956 0.0585938 0.747361
3 0.693182 0.89974 0.36437 0.09375 0.749825
3 0.941349 0.915365 0.0806452 0.138021 0.79883
3 0.293622 0.792318 0.440616 0.139323 0.801053
2 0.292522 0.380208 0.431085 0.104167 0.81595
4 0.858138 0.0540365 0.15176 0.0716146 0.836171
2 0.207845 0.695312 0.260264 0.046875 0.854805
2 0.43915 0.567708 0.71261 0.151042 0.85639
1 0.167889 0.281901 0.195015 0.0611979 0.859183
0 0.0931085 0.0729167 0.109971 0.0885417 0.930737
1 0.157258 0.514974 0.160557 0.0559896 0.737798
2 0.40176 0.205078 0.64956 0.0585938 0.747361
3 0.693182 0.89974 0.36437 0.09375 0.749825
3 0.941349 0.915365 0.0806452 0.138021 0.79883
3 0.293622 0.792318 0.440616 0.139323 0.801053
2 0.292522 0.380208 0.431085 0.104167 0.81595
4 0.858138 0.0540365 0.15176 0.0716146 0.836171
2 0.207845 0.695312 0.260264 0.046875 0.854805
2 0.43915 0.567708 0.71261 0.151042 0.85639
1 0.167889 0.281901 0.195015 0.0611979 0.859183
0 0.0931085 0.0729167 0.109971 0.0885417 0.930737
1 0.157258 0.514974 0.160557 0.0559896 0.737798
2 0.40176 0.205078 0.64956 0.0585938 0.747361
3 0.693182 0.89974 0.36437 0.09375 0.749825
3 0.941349 0.915365 0.0806452 0.138021 0.79883
3 0.293622 0.792318 0.440616 0.139323 0.801053
2 0.292522 0.380208 0.431085 0.104167 0.81595
4 0.858138 0.0540365 0.15176 0.0716146 0.836171
2 0.207845 0.695312 0.260264 0.046875 0.854805
2 0.43915 0.567708 0.71261 0.151042 0.85639
1 0.167889 0.281901 0.195015 0.0611979 0.859183
0 0.0931085 0.0729167 0.109971 0.0885417 0.930737
