3 0.693182 0.899089 0.36437 0.0924479 0.649672
2 0.401026 0.205078 0.652493 0.0585938 0.694549
1 0.156525 0.514323 0.160557 0.0572917 0.723349
2 0.295088 0.382812 0.437683 0.109375 0.741764
3 0.941349 0.915365 0.0806452 0.138021 0.797575
3 0.293988 0.792318 0.439883 0.139323 0.835162
4 0.858138 0.0540365 0.15176 0.0716146 0.83542
2 0.43915 0.566406 0.714076 0.153646 0.842119
1 0.167889 0.281901 0.193548 0.0611979 0.854332
2 0.207845 0.695312 0.258798 0.046875 0.860463
0 0.0931085 0.0722656 0.109971 0.0872396 0.929298
