2 0.40176 0.205078 0.652493 0.0585938 0.713692
1 0.156525 0.514323 0.160557 0.0572917 0.715924
2 0.294721 0.382812 0.435484 0.109375 0.737976
3 0.693182 0.89974 0.36437 0.09375 0.751947
3 0.941349 0.915365 0.0806452 0.138021 0.798329
3 0.292889 0.792969 0.440616 0.138021 0.804102
4 0.858138 0.0540365 0.15176 0.0716146 0.836181
2 0.438783 0.567057 0.713343 0.152344 0.850439
1 0.167889 0.281901 0.193548 0.0611979 0.854842
2 0.207845 0.695312 0.258798 0.046875 0.86408
0 0.0931085 0.0722656 0.109971 0.0872396 0.929368
