6 0.558651 0.839193 0.0835777 0.0481771 0.727546
3 0.942082 0.917318 0.0835777 0.134115 0.795245
2 0.421921 0.408854 0.138563 0.158854 0.80692
2 0.284457 0.204427 0.412023 0.0572917 0.845377
2 0.211144 0.542969 0.272727 0.0494792 0.847427
4 0.858871 0.0553385 0.148827 0.0664062 0.860705
2 0.285191 0.408203 0.41349 0.160156 0.861669
1 0.168255 0.282552 0.192815 0.0625 0.866334
0 0.0934751 0.0729167 0.110704 0.0859375 0.927735
3 0.746334 0.479167 0.507331 0.684896 0.938236
3 0.190249 0.740234 0.251466 0.326823 0.959854
