2 0.422287 0.408854 0.13783 0.158854 0.699231
6 0.558284 0.839193 0.0828446 0.0481771 0.750987
3 0.942082 0.917318 0.0835777 0.134115 0.794653
2 0.283358 0.205078 0.408358 0.0559896 0.84258
2 0.210777 0.542318 0.27346 0.0481771 0.845921
4 0.858871 0.0553385 0.148827 0.0664062 0.86079
1 0.168255 0.282552 0.192815 0.0625 0.863205
2 0.285557 0.408203 0.414223 0.160156 0.879071
0 0.0934751 0.0729167 0.110704 0.0859375 0.927692
3 0.746701 0.479167 0.506598 0.684896 0.938224
3 0.190616 0.740234 0.252199 0.326823 0.959783
